Sigma_1,Sigma_2,Epsilon_1,Epsilon_2,dSigma_1,dSigma_2,dEpsilon_1,dEpsilon_2
-0.000000000000000000e+00,-0.000000000000000000e+00,0.000000000000000000e+00,0.000000000000000000e+00,3.300007766043016599e-01,1.979999419349806500e+00,-1.930954976920059430e-06,8.126117334081225794e-06
3.300007766043016599e-01,1.979999419349806500e+00,-1.930954976920059430e-06,8.126117334081225794e-06,3.300074295340272301e-01,1.980049719040022138e+00,-1.930987809457236380e-06,8.126225920979637032e-06
6.600082061383288901e-01,3.960049138389828638e+00,-3.861942786377295810e-06,1.625234325506086283e-05,3.300102081546605337e-01,1.980061394097470728e+00,-1.930971347212398754e-06,8.126171527039286195e-06
9.900184142929894238e-01,5.940110532487299366e+00,-5.792914133589694564e-06,2.437851478210014902e-05,3.300142384336545165e-01,1.980085943768615131e+00,-1.930971801685931841e-06,8.126169519391243971e-06
1.320032652726643940e+00,7.920196476255914497e+00,-7.723885935275626405e-06,3.250468430149139299e-05,3.300185070989458680e-01,1.980110016442927723e+00,-1.930971528618725245e-06,8.126173331696316291e-06
1.650051159825589808e+00,9.900306492698842220e+00,-9.654857463894351649e-06,4.063085763318770928e-05,3.300224777133460297e-01,1.980135519454330861e+00,-1.930970891496386918e-06,8.126171322756345534e-06
1.980073637538935838e+00,1.188044201215317308e+01,-1.158582835539073857e-05,4.875702895594405482e-05,3.300264482963104484e-01,1.980159114833925926e+00,-1.930970982235214909e-06,8.126169313550765574e-06
2.310100085835246286e+00,1.386060112698709901e+01,-1.351679933762595348e-05,5.688319826949482039e-05,3.300306572598539212e-01,1.980183663820840323e+00,-1.930972528048141221e-06,8.126173123934428357e-06
2.640130743095100208e+00,1.584078479080793933e+01,-1.544777186567409470e-05,6.500937139342924875e-05,3.300348662009073841e-01,1.980209166284732092e+00,-1.930970435820789565e-06,8.126171113659032231e-06
2.970165609296007592e+00,1.782099395709267142e+01,-1.737874230149488426e-05,7.313554250708828098e-05,3.300388366838817866e-01,1.980232761070304548e+00,-1.930972709277396321e-06,8.126169102674012231e-06
3.300204445979889378e+00,1.980122671816297597e+01,-1.930971501077228058e-05,8.126171160976229321e-05,3.300430455635847693e-01,1.980257309521004316e+00,-1.930970617139288057e-06,8.126172911580449554e-06
3.630247491543474148e+00,2.178148402768398029e+01,-2.124068562791156864e-05,8.938788452134274276e-05,3.300470159890123156e-01,1.980281857670036061e+00,-1.930971435165890188e-06,8.126170899747718981e-06
3.960294507532486463e+00,2.376176588535401635e+01,-2.317165706307745883e-05,9.751405542109046175e-05,3.300512248020819328e-01,1.980306405770903666e+00,-1.930970798317253618e-06,8.126174707267814091e-06
4.290345732334568396e+00,2.574207229112492001e+01,-2.510262786139471245e-05,1.056402301283582758e-04,3.300551951584349553e-01,1.980330953385742276e+00,-1.930973071652998936e-06,8.126166874128254469e-06
4.620400927493003351e+00,2.772240324451066229e+01,-2.703360093304771138e-05,1.137663970024865303e-04,3.300591655037647953e-01,1.980357408694864318e+00,-1.930970979360303771e-06,8.126170680800733873e-06
4.950460092996768147e+00,2.970276065320552661e+01,-2.896457191240801515e-05,1.218925676832872642e-04,3.300631358054113562e-01,1.980380048693834993e+00,-1.930971797587876327e-06,8.126174486843779706e-06
5.280523228802179503e+00,3.168314070189936160e+01,-3.089554370999589148e-05,1.300187421701310439e-04,3.300675829136974215e-01,1.980402688091110974e+00,-1.930969705267781341e-06,8.126166652288956778e-06
5.610590811715876924e+00,3.366354338999047258e+01,-3.282651341526367282e-05,1.381449088224200007e-04,3.300715531357445442e-01,1.980429143294244909e+00,-1.930973433918985324e-06,8.126182096914325980e-06
5.940662364851621469e+00,3.564397253328471749e+01,-3.475748684918265815e-05,1.462710909193343266e-04,3.300755233602155059e-01,1.980453689492875924e+00,-1.930971341582725560e-06,8.126162621732686093e-06
6.270737888211836975e+00,3.762442622277759341e+01,-3.668845819076538371e-05,1.543972535410670127e-04,3.300799703751167158e-01,1.980482052089790557e+00,-1.930969249227160222e-06,8.126178065099323678e-06
6.600817858586953690e+00,3.960490827486738397e+01,-3.861942743999254393e-05,1.625234316061663364e-04,3.300839405007742755e-01,1.980502783021009350e+00,-1.930972977987624678e-06,8.126170228594630906e-06
6.930901799087727966e+00,4.158541105788839332e+01,-4.055040041798016861e-05,1.706496018347609673e-04,3.300879106346226166e-01,1.980527329512931090e+00,-1.930970885504862096e-06,8.126174031239922655e-06
7.260989709722350582e+00,4.356593838740132441e+01,-4.248137130348503070e-05,1.787757758660008900e-04,3.300918807180623915e-01,1.980551875311370225e+00,-1.930971703692732524e-06,8.126166193854939034e-06
7.591081590440412974e+00,4.554649026271269463e+01,-4.441234300717776323e-05,1.869019420598558290e-04,3.300958507703084521e-01,1.980576421430313871e+00,-1.930972521878136393e-06,8.126169995430827971e-06
7.921177441210721426e+00,4.752706668414300850e+01,-4.634331552905589962e-05,1.950281120552866570e-04,3.301007744436521563e-01,1.980600966809724639e+00,-1.930970429470915597e-06,8.126162157165580605e-06
8.251278215654373582e+00,4.950766765095273314e+01,-4.827428595852681522e-05,2.031542742124522376e-04,3.301037908053103820e-01,1.980625513154841144e+00,-1.930971247640164853e-06,8.126177596567317951e-06
8.581382006459683964e+00,5.148829316410757428e+01,-5.020525720616698007e-05,2.112804518090195555e-04,3.301082376041239996e-01,1.980650058783446354e+00,-1.930969155205547623e-06,8.126181396255366960e-06
8.911490244063807964e+00,5.346894322289102064e+01,-5.213622636137252769e-05,2.194066332052749225e-04,3.301126843180703929e-01,1.980674602958139019e+00,-1.930972883743594781e-06,8.126161917680120063e-06
9.241602928381878357e+00,5.544961782584915966e+01,-5.406719924511612247e-05,2.275327951229550426e-04,3.301161774299821161e-01,1.980699148167666124e+00,-1.930970791403845241e-06,8.126165716266077563e-06
9.571719105811860473e+00,5.743031697401682578e+01,-5.599817003651996771e-05,2.356589608392211201e-04,3.301206240777698753e-01,1.980723694596321138e+00,-1.930974520059236955e-06,8.126192791700582660e-06
9.901839729889630348e+00,5.941104066861314692e+01,-5.792914455657920467e-05,2.437851536309217028e-04,3.301250707482825675e-01,1.980748236713715471e+00,-1.930972427703326027e-06,8.126150034738522125e-06
1.023196480063791292e+01,6.139178890532686239e+01,-5.986011698428253070e-05,2.519113036656602249e-04,3.301285637723374577e-01,1.980772782815414246e+00,-1.930970335106037814e-06,8.126177108692684680e-06
1.056209336441025037e+01,6.337256168814227664e+01,-6.179108731938856851e-05,2.600374807743529096e-04,3.301330103843813646e-01,1.980797327371028871e+00,-1.930968242711475079e-06,8.126180905205918677e-06
1.089222637479463174e+01,6.535335901551330551e+01,-6.372205556210004359e-05,2.681636616795588283e-04,3.301374569000259385e-01,1.980821870196294299e+00,-1.930971971246005356e-06,8.126161423924747104e-06
1.122236383169465768e+01,6.733418088570959981e+01,-6.565302753334604894e-05,2.762898231034835754e-04,3.301409498362168904e-01,1.980846415945748618e+00,-1.930969878835288008e-06,8.126188495868012784e-06
1.155250478153087457e+01,6.931502730165534842e+01,-6.758399741218133695e-05,2.844160115993515882e-04,3.301453962857028301e-01,1.980870958351857780e+00,-1.930973607487156064e-06,8.126169013928893122e-06
1.188265017781657740e+01,7.129589826000720620e+01,-6.951497101966849302e-05,2.925421806132804813e-04,3.301488891632686773e-01,1.980895502161374111e+00,-1.930971514949248249e-06,8.126172808081873200e-06
1.221279906697984607e+01,7.327679376216858032e+01,-7.144594253461774127e-05,3.006683534213623545e-04,3.301533356196220126e-01,1.980920044056233564e+00,-1.930969422392014531e-06,8.126153325863137798e-06
1.254295240259946809e+01,7.525771380622481388e+01,-7.337691195700975580e-05,3.087945067472254923e-04,3.301577819699588190e-01,1.980944589243762266e+00,-1.930973151042134311e-06,8.126180394467711308e-06
1.287311018456942691e+01,7.723865839546857615e+01,-7.530788510805189011e-05,3.169206871416932036e-04,3.301612747596607278e-01,1.980969130719500981e+00,-1.930971058579754730e-06,8.126160911369091633e-06
1.320327145932908763e+01,7.921962752618807713e+01,-7.723885616663164484e-05,3.250468480530622952e-04,3.301657210438442291e-01,1.980993675672124255e+00,-1.930974787125167686e-06,8.126187978559214990e-06
1.353343718037293186e+01,8.120062120186020138e+01,-7.916983095375681252e-05,3.331730360316215102e-04,3.301692138556315825e-01,1.981018216728671177e+00,-1.930966873386248954e-06,8.126168494580819461e-06
1.386360639422856345e+01,8.318163941858887256e+01,-8.110079782714306148e-05,3.412992045262023297e-04,3.301746135900032186e-01,1.981042759464912706e+00,-1.930976423187113328e-06,8.126172285115762679e-06
1.419378100781856666e+01,8.516268217805378526e+01,-8.303177425033017481e-05,3.494253768113180923e-04,3.301771527500356740e-01,1.981059669915225641e+00,-1.930968509409556342e-06,8.126176075243587982e-06
1.452395816056860234e+01,8.714374184796901091e+01,-8.496274275973973115e-05,3.575515528865616803e-04,3.301825524972006320e-01,1.981091842311244022e+00,-1.930972238056138913e-06,8.126156590101843522e-06
1.485414071306580297e+01,8.912483369028025493e+01,-8.689371499779587006e-05,3.656777094766635238e-04,3.301860451111835459e-01,1.981116386584432121e+00,-1.930970145522798299e-06,8.126183653801486405e-06
1.518432675817698652e+01,9.110595007686468705e+01,-8.882468514331866836e-05,3.738038931304650102e-04,3.301895376093018086e-01,1.981140926500813748e+00,-1.930973874064687598e-06,8.126164167558084118e-06
1.551451629578628832e+01,9.308709100336550080e+01,-9.075565901738335596e-05,3.819300572980230944e-04,3.301949373401917853e-01,1.981165468327262147e+00,-1.930971781404142965e-06,8.126167955770232602e-06
1.584471123312648011e+01,9.506825647169276294e+01,-9.268663079878749892e-05,3.900562252537933270e-04,3.301974762822350584e-01,1.981190012247921572e+00,-1.930969688835335388e-06,8.126195016793630842e-06
1.617490870940871517e+01,9.704944648394068452e+01,-9.461760048762283431e-05,3.981824202705869578e-04,3.302038294371278937e-01,1.981214549231623323e+00,-1.930973417375435753e-06,8.126152255979752353e-06
1.650511253884584306e+01,9.903066103317230784e+01,-9.654857390499827006e-05,4.063085725265667102e-04,3.302063683205425093e-01,1.981239092825148873e+00,-1.930971324790460011e-06,8.126179315745313443e-06
1.683531890716638557e+01,1.010119001259974567e+02,-9.847954522978873007e-05,4.144347518423120236e-04,3.302108144409885426e-01,1.981263631601350994e+00,-1.930963410702333312e-06,8.126159827903146633e-06
1.716552972160737411e+01,1.029931637575988077e+02,-1.004105086404910634e-04,4.225609116702151702e-04,3.302133529752637742e-01,1.981288174959843218e+00,-1.930978782097286101e-06,8.126186886032592434e-06
1.749574307458263789e+01,1.049744519325586509e+02,-1.023414874225883495e-04,4.306870985562477627e-04,3.302197061868277217e-01,1.981312713316810914e+00,-1.930970867993004789e-06,8.126167397532911216e-06
1.782596278076946561e+01,1.069557646458754618e+02,-1.042724582905813543e-04,4.388132659537806739e-04,3.302222448585006020e-01,1.981337251371954267e+00,-1.930974596759716961e-06,8.126147908749656919e-06
1.815618502562796621e+01,1.089371018972474161e+02,-1.062034328873410712e-04,4.469394138625303308e-04,3.302266908620197228e-01,1.981361794285788847e+00,-1.930966682483264345e-06,8.126174965025388056e-06
1.848641171648998593e+01,1.109184636915332050e+02,-1.081343995698243356e-04,4.550655888275557189e-04,3.302311366211263532e-01,1.981386337174114942e+00,-1.930970411233835457e-06,8.126202019661100777e-06
1.881664285311111229e+01,1.128998500287073199e+02,-1.100653699810581710e-04,4.631917908472168196e-04,3.302355823433984483e-01,1.981410869347925541e+00,-1.930974139776727642e-06,8.126135985260388508e-06
1.914687843545451074e+01,1.148812608980552454e+02,-1.119963441208348987e-04,4.713179268324772082e-04,3.302400282556199329e-01,1.981435417253635478e+00,-1.930966225653120427e-06,8.126209583224374734e-06
1.947711846371013067e+01,1.168626963153088809e+02,-1.139273103464880191e-04,4.794441364157015829e-04,3.302425667842463497e-01,1.981459948823911077e+00,-1.930969954290893856e-06,8.126143548256841570e-06
1.980736103049437702e+01,1.188441562641327920e+02,-1.158582803007789130e-04,4.875702799639584245e-04,3.302470124110428173e-01,1.981484491057841524e+00,-1.930973682943060068e-06,8.126170600821294460e-06
2.013760804290541984e+01,1.208256407551906335e+02,-1.177892539837219730e-04,4.956964505647797189e-04,3.302514580010047496e-01,1.981501400027880777e+00,-1.930977411609619064e-06,8.126197651967502489e-06
2.046785950090642459e+01,1.228071421552185143e+02,-1.197202313953315921e-04,5.038226482167472214e-04,3.302559037962957689e-01,1.981533563777247764e+00,-1.930969497408735339e-06,8.126131617415977698e-06
2.079811540470272035e+01,1.247886757189957621e+02,-1.216512008927403274e-04,5.119487798341631991e-04,3.302603493202624918e-01,1.981558111463414207e+00,-1.930973225948090315e-06,8.126205209777674458e-06
2.112837575402298285e+01,1.267702338304591763e+02,-1.235821741186884177e-04,5.200749850439408736e-04,3.302628879480238311e-01,1.981590274857268241e+00,-1.930965311686084693e-06,8.126139175103092721e-06
2.145863864197100668e+01,1.287518241053164445e+02,-1.255131394303745024e-04,5.282011242190439663e-04,3.302692405189091573e-01,1.981599555643555277e+00,-1.930969040320320912e-06,8.126212764850994884e-06
2.178890788248991583e+01,1.307334236609599998e+02,-1.274441084706948234e-04,5.363273369838949612e-04,3.302717788381741570e-01,1.981631718433959577e+00,-1.930972768968922809e-06,8.126146730275617645e-06
2.211917966132808999e+01,1.327150553793939594e+02,-1.293750812396637462e-04,5.444534837141705788e-04,3.302762242298271644e-01,1.981663893362991757e+00,-1.930976497520949398e-06,8.126173777049509363e-06
2.244945588555791716e+01,1.346967192727569511e+02,-1.313060577371846956e-04,5.525796574912200882e-04,3.302787627553911420e-01,1.981665527405567673e+00,-1.930968583292676016e-06,8.126154283089460743e-06
2.277973464831330830e+01,1.366783848001625188e+02,-1.332370263204773716e-04,5.607058117743095489e-04,3.302851151792403073e-01,1.981712969444174632e+00,-1.930972311828493783e-06,8.126181328671814273e-06
2.311001976349254861e+01,1.386600977696066934e+02,-1.351679986323058654e-04,5.688319931029813632e-04,3.302876533809211423e-01,1.981729870288091888e+00,-1.930976040489780846e-06,8.126161833388822163e-06
2.344030741687346975e+01,1.406418276398947853e+02,-1.370989746727956462e-04,5.769581549363701854e-04,3.302920989170594623e-01,1.981746777277948013e+00,-1.930968126081231747e-06,8.126188877335656716e-06
2.377059951579052921e+01,1.426235744171727333e+02,-1.390299427988768780e-04,5.850843438137058421e-04,3.302965441472558439e-01,1.981778945171242867e+00,-1.930971854615314790e-06,8.126169381617574274e-06
2.410089605993778505e+01,1.446053533623439762e+02,-1.409609146534921927e-04,5.932105131953234163e-04,3.303009893406034791e-01,1.981811112948719256e+00,-1.930975583385835222e-06,8.126149885394253619e-06
2.443119704927838853e+01,1.465871644752926954e+02,-1.428918902368780280e-04,6.013366630807176700e-04,3.303054347854512685e-01,1.981828019431560506e+00,-1.930967668797091722e-06,8.126176927266142054e-06
2.476150248406383980e+01,1.485689924947242559e+02,-1.448228579056751197e-04,6.094628400079838120e-04,3.303079728440820872e-01,1.981844925702802129e+00,-1.930971397440408134e-06,8.126203967720327728e-06
2.509181045690792189e+01,1.505508374204270581e+02,-1.467538293031155278e-04,6.175890439757041397e-04,3.303143250070021963e-01,1.981877085911236236e+00,-1.930975126098144435e-06,8.126137933065912151e-06
2.542212478191492409e+01,1.525327145063382943e+02,-1.486848044292136723e-04,6.257151819087700519e-04,3.303168632991990705e-01,1.981909267285828946e+00,-1.930967211440174627e-06,8.126211509441264719e-06
2.575244164521412316e+01,1.545146237736241233e+02,-1.506157716406538469e-04,6.338413934182113166e-04,3.303213083310865272e-01,1.981910890093274702e+00,-1.930970940192751513e-06,8.126145474664442717e-06
2.608276295354520968e+01,1.564965346637173980e+02,-1.525467425808465984e-04,6.419675388928757593e-04,3.303238462721402868e-01,1.981958332631137409e+00,-1.930974668737703683e-06,8.126172512604363553e-06
2.641308679981734997e+01,1.584784929963485354e+02,-1.544777172495843021e-04,6.500937114054801229e-04,3.303301985994409051e-01,1.981975230573766567e+00,-1.930966754121529868e-06,8.126153013905050397e-06
2.674341699841679088e+01,1.604604682269223019e+02,-1.564086840037058319e-04,6.582198644193851733e-04,3.303327364818713363e-01,1.981992135582913761e+00,-1.930970482761349728e-06,8.126180050431713701e-06
2.707374973489866221e+01,1.624424603625052157e+02,-1.583396544864671817e-04,6.663460444698168870e-04,3.303371813814415248e-01,1.982024309461081657e+00,-1.930974211304512965e-06,8.126207085540891085e-06
2.740408691628010374e+01,1.644244846719662974e+02,-1.602706286977716946e-04,6.744722515553577781e-04,3.303416265671437202e-01,1.982056468022960871e+00,-1.930966296730162249e-06,8.126141051057779452e-06
2.773442854284724746e+01,1.664065411399892582e+02,-1.622015949945018569e-04,6.825983926064155575e-04,3.303460710739010153e-01,1.982073372524865817e+00,-1.930981668633619409e-06,8.126168085066383211e-06
2.806477461392114847e+01,1.683886145125141240e+02,-1.641325766631354763e-04,6.907245606914819407e-04,3.303486094923933081e-01,1.982090276815199559e+00,-1.930962110533146047e-06,8.126195118322984343e-06
2.839512322341354178e+01,1.703707047893293236e+02,-1.660635387736686223e-04,6.988507558098049251e-04,3.303549609610385573e-01,1.982122442456045519e+00,-1.930977482576438182e-06,8.126175616987216764e-06
2.872547818437458034e+01,1.723528272317853691e+02,-1.679945162562450605e-04,7.069769314267921418e-04,3.303574989979267684e-01,1.982139338280461516e+00,-1.930969567813734444e-06,8.126156115812344788e-06
2.905583568337250711e+01,1.743349665700658306e+02,-1.699254858240587950e-04,7.151030875426044866e-04,3.303619436991951375e-01,1.982171511640217432e+00,-1.930973296353401128e-06,8.126183146772714139e-06
2.938619762707170224e+01,1.763171380817060481e+02,-1.718564591204121961e-04,7.232292706893772008e-04,3.303663887096845997e-01,1.982203676869744413e+00,-1.930965381529575493e-06,8.126163644497268537e-06
2.971656401578138684e+01,1.782993417585757925e+02,-1.737874245019417716e-04,7.313554343338744693e-04,3.303708329950403311e-01,1.982220571910772833e+00,-1.930980753786482561e-06,8.126144142160565513e-06
3.004693484877642717e+01,1.802815623304865653e+02,-1.757184052557282542e-04,7.394815784760350348e-04,3.303733712835139613e-01,1.982237474938614241e+00,-1.930961195190583016e-06,8.126171171046856108e-06
3.037730822005994114e+01,1.822637998054251796e+02,-1.776493664509188372e-04,7.476077496470818909e-04,3.303778155025476337e-01,1.982269648075458690e+00,-1.930976567476275652e-06,8.126198198959533152e-06
3.070768603556248877e+01,1.842460694535006382e+02,-1.795803430183951128e-04,7.557339478460414241e-04,3.303822603961101834e-01,1.982301812713870959e+00,-1.930968652575173507e-06,8.126178695148857274e-06
3.103806829595859895e+01,1.862283712662145092e+02,-1.815113116709702863e-04,7.638601265411902813e-04,3.303867048990767330e-01,1.982303436099101646e+00,-1.930972381111262324e-06,8.126159190833160025e-06
3.136845500085767569e+01,1.882106747023136109e+02,-1.834422840520815487e-04,7.719862857320234414e-04,3.303911493651874309e-01,1.982350879545236921e+00,-1.930976109883842740e-06,8.126186216671866733e-06
3.169884615022286312e+01,1.901930255818588478e+02,-1.853732601619653914e-04,7.801124719486953081e-04,3.303936871760910776e-01,1.982367764020835921e+00,-1.930968194691442576e-06,8.126120182306065774e-06
3.202923983739895419e+01,1.921753933458796837e+02,-1.873042283566568340e-04,7.882385921310013739e-04,3.304000385712768662e-01,1.982384683839626405e+00,-1.930971923447841274e-06,8.126240265075314849e-06
3.235963987597023106e+01,1.941577780297193101e+02,-1.892352002801046752e-04,7.963648323960766887e-04,3.304025759505435644e-01,1.982416838588278551e+00,-1.930975652107610454e-06,8.126174230053137895e-06
3.269004245192077462e+01,1.961401948683075886e+02,-1.911661759322122857e-04,8.044910066261298266e-04,3.304089276492234717e-01,1.982448992944938482e+00,-1.930967736957006284e-06,8.126108195660123462e-06
3.302045137956999810e+01,1.981226438612525271e+02,-1.930971436691692920e-04,8.126171148217899501e-04,3.304114649698703943e-01,1.982465912808550002e+00,-1.930971465600620851e-06,8.126228274530906785e-06
3.335086284453986849e+01,2.001051097740610771e+02,-1.950281151347699128e-04,8.207433430963208569e-04,3.304140026569726274e-01,1.982482795432986222e+00,-1.930963550499917086e-06,8.126162239259580172e-06
3.368127684719684112e+01,2.020875925694940634e+02,-1.969590786852698299e-04,8.288695053355804370e-04,3.304203538722703115e-01,1.982514967827967212e+00,-1.930967279127377041e-06,8.126189259755446995e-06
3.401169720106911143e+01,2.040701075373220306e+02,-1.988900459643972070e-04,8.369956945953358840e-04,3.304228911084976517e-01,1.982531849540748681e+00,-1.930971007658126163e-06,8.126123225340206417e-06
3.434212009217760908e+01,2.060526393868627792e+02,-2.008210169720553331e-04,8.451218178206760905e-04,3.304254283189180796e-01,1.982564021640001783e+00,-1.930974736425448198e-06,8.126150244735716455e-06
3.467254552049652716e+01,2.080352034085027810e+02,-2.027519917084807813e-04,8.532479680654118069e-04,3.304317794200102298e-01,1.982596193899468062e+00,-1.930978464985009992e-06,8.126177263157938202e-06
3.500297729991653739e+01,2.100177996024022491e+02,-2.046829701734657913e-04,8.613741453285697451e-04,3.304381304732046942e-01,1.982613094262546838e+00,-1.930982193781090490e-06,8.126204280163107710e-06
3.533341543038974208e+01,2.120004126966647959e+02,-2.066139523672468818e-04,8.695003496087328528e-04,3.304368545057556616e-01,1.982629974519994676e+00,-1.930962634471243815e-06,8.126138245503704803e-06
3.566385228489549775e+01,2.139830426711847906e+02,-2.085449150017181256e-04,8.776264878542365576e-04,3.304432055080184227e-01,1.982662146395909986e+00,-1.930966363206202416e-06,8.126165261630562131e-06
3.599429549040351617e+01,2.159657048175807006e+02,-2.104758813649243280e-04,8.857526531158671198e-04,3.304495564623977089e-01,1.982679046003511303e+00,-1.930970091733427881e-06,8.126192276784131169e-06
3.632474504686591388e+01,2.179483838635842119e+02,-2.124068514566577559e-04,8.938788453926512509e-04,3.304520934892423156e-01,1.982711217951703020e+00,-1.930973820497199154e-06,8.126219290520647967e-06
3.665519714035515619e+01,2.199310950815359149e+02,-2.143378252771549551e-04,9.020050646831718989e-04,3.304546304902942211e-01,1.982743369430380653e+00,-1.930977549053237291e-06,8.126153255617299571e-06
3.698565177084545041e+01,2.219138384509662956e+02,-2.162688028262081924e-04,9.101312179387891985e-04,3.304609821996606911e-01,1.982760268530370240e+00,-1.930957989611660052e-06,8.126180268697657215e-06
3.731611275304511111e+01,2.238965987194966658e+02,-2.181997608158198524e-04,9.182573982074868557e-04,3.304635182728716813e-01,1.982777146420744430e+00,-1.930985006496699959e-06,8.126114234206630905e-06
3.764657627131798279e+01,2.258793758659174102e+02,-2.201307458223165524e-04,9.263835124416934866e-04,3.304698699165840026e-01,1.982809338959270917e+00,-1.930965446882924310e-06,8.126234291807102328e-06
3.797704614123456679e+01,2.278621852048766812e+02,-2.220617112691994767e-04,9.345097467335005889e-04,3.304724068003821458e-01,1.982826216305909384e+00,-1.930969175517702630e-06,8.126168256438197519e-06
3.830751854803494894e+01,2.298450114211825905e+02,-2.239926804447171793e-04,9.426359149899387864e-04,3.304749436583875877e-01,1.982858366185297427e+00,-1.930972904166846629e-06,8.126102222585983130e-06
3.863799349169333652e+01,2.318278697873678880e+02,-2.259236533488840259e-04,9.507620172125247696e-04,3.304812943186590246e-01,1.982890559140116693e+00,-1.930976632830410517e-06,8.126222275401545105e-06
3.896847478601199555e+01,2.338107603465080047e+02,-2.278546299817144365e-04,9.588882394879263147e-04,3.304876449310398812e-01,1.982892161882602977e+00,-1.930980361619416595e-06,8.126156240449732872e-06
3.929896243094303543e+01,2.357936525083906076e+02,-2.297856103433338531e-04,9.670143957283760475e-04,3.304863687919734616e-01,1.982939606596602289e+00,-1.930960801762888080e-06,8.126183248188768513e-06
3.962944879973500889e+01,2.377765921149872099e+02,-2.317165711450967411e-04,9.751405789765648160e-04,3.304927193534297203e-01,1.982956504257401775e+00,-1.930964530379695749e-06,8.126210254511077175e-06
3.995994151908843861e+01,2.397595486192446117e+02,-2.336475356754764369e-04,9.832667892310758932e-04,3.304990698669953986e-01,1.982973379236966593e+00,-1.930968259010896202e-06,8.126144219754638173e-06
4.029044058895543401e+01,2.417425219984815783e+02,-2.355785039344873331e-04,9.913929334508305314e-04,3.305016065414179138e-01,1.983005550146572205e+00,-1.930971987656516543e-06,8.126171225199176756e-06
4.062094219549685192e+01,2.437255275486281505e+02,-2.375094759221438496e-04,9.995191046760297082e-04,3.305041431900548332e-01,1.983022447051752124e+00,-1.930975716316556774e-06,8.126198229670535469e-06
4.095144633868690676e+01,2.457085499956799026e+02,-2.394404516384604064e-04,1.007645302905700244e-03,3.305104935893865559e-01,1.983054595012191612e+00,-1.930979444990962683e-06,8.126132195109469700e-06
4.128195683227629331e+01,2.476916045906920942e+02,-2.413714310834513691e-04,1.015771435100809713e-03,3.305130311410380273e-01,1.983086765786055139e+00,-1.930959884861052590e-06,8.126159198481230569e-06
4.161246986341733134e+01,2.496746913564781494e+02,-2.433023909683124217e-04,1.023897594299290944e-03,3.305155667358974370e-01,1.983103662183395954e+00,-1.930986902338012673e-06,8.126186200658200645e-06
4.194298543015322878e+01,2.516577950186615453e+02,-2.452333778706504343e-04,1.032023780499949145e-03,3.305219180057576978e-01,1.983120534795830281e+00,-1.930967342258030090e-06,8.126120166514335871e-06
4.227350734815898647e+01,2.536409155534573756e+02,-2.471643452129084644e-04,1.040149900666463480e-03,3.305244545113339427e-01,1.983152728942826570e+00,-1.930971070900099670e-06,8.126240202405068253e-06
4.260403180267032042e+01,2.556240682824002022e+02,-2.490953162838085641e-04,1.048276140868868549e-03,3.305308047307988772e-01,1.983169601011496752e+00,-1.930974799556589138e-06,8.126174167383867081e-06
4.293456260740111929e+01,2.576072378834116989e+02,-2.510262910833651532e-04,1.056402315036252416e-03,3.305333421779081959e-01,1.983201747348516619e+00,-1.930955239183899073e-06,8.126108132991936850e-06
4.326509594957902749e+01,2.595904396307602156e+02,-2.529572463225490523e-04,1.064528423169244353e-03,3.305396913161615657e-01,1.983233941911578313e+00,-1.930982256867779141e-06,8.126228164764002018e-06
4.359563564089518906e+01,2.615736735726717939e+02,-2.548882285794168315e-04,1.072654651334008355e-03,3.318692222310204443e-01,1.985616672649484826e+00,-5.010460365704316873e-05,6.521452481321357401e-05
4.392750486312620950e+01,2.635592902453212787e+02,-3.049928322364600002e-04,1.137869176147221929e-03,3.325591648935741773e-01,1.985951718982562397e+00,-5.693359453352305833e-05,7.253810385245444345e-05
4.426006402801978368e+01,2.655452419643038411e+02,-3.619264267699830585e-04,1.210407279999676372e-03,3.319255944250443235e-01,1.986198450575216157e+00,-6.540812084912262783e-05,8.154407288345601537e-05
4.459198962244482800e+01,2.675314404148790572e+02,-4.273345476191056863e-04,1.291951352883132387e-03,3.326460485636886233e-01,1.986616095359579504e+00,-7.639781526636696928e-05,9.314765750889392355e-05
4.492463567100851662e+01,2.695180565102386367e+02,-5.037323628854726556e-04,1.385099010392026311e-03,3.337785991488289028e-01,1.987328911495353623e+00,-9.116955032560376641e-05,1.086354964886146988e-04
4.525841427015734553e+01,2.715053854217339904e+02,-5.949019132110764220e-04,1.493734506880641010e-03,3.357571619899673010e-01,1.988537922942668956e+00,-1.117900405543315523e-04,1.300902985767796432e-04
4.559417143214731283e+01,2.734939233446766593e+02,-7.066919537654079743e-04,1.623824805457420653e-03,3.393116489387679735e-01,1.990814347357286351e+00,-1.418401803313302286e-04,1.610919288193390746e-04
4.593348308108608080e+01,2.754847376920339457e+02,-8.485321340967382029e-04,1.784916734276759728e-03,3.108043316055528749e-01,1.980057221546303481e+00,-1.900541224686064842e-04,2.103086425471029607e-04
4.624428741269163368e+01,2.774647949135802492e+02,-1.038586256565344687e-03,1.995225376823862688e-03,3.313423352365134633e-01,1.987637447680867808e+00,-2.606030430221844326e-04,2.815510776390940488e-04
4.657562974792814714e+01,2.794524323612611170e+02,-1.299189299587529120e-03,2.276776454462956737e-03,3.312698907563529360e-01,1.987468821080426551e+00,-3.635503147301239347e-04,3.841664136139521374e-04
4.690689963868450008e+01,2.814399011823415435e+02,-1.662739614317653054e-03,2.660942868076908874e-03,3.310297902263101832e-01,1.986719522239525304e+00,-4.778616270660561959e-04,4.963495946055471869e-04
4.723792942891081026e+01,2.834266207045810688e+02,-2.140601241383709250e-03,3.157292462682456061e-03,3.439508439024194786e-01,1.996126561332062010e+00,-5.619088729591306154e-04,5.771811529246104362e-04
4.758188027281322974e+01,2.854227472659131308e+02,-2.702510114342839866e-03,3.734473615607066498e-03,3.204805914495878483e-01,1.976647511846863381e+00,-6.072335671230954385e-04,6.194530178594047712e-04
4.790236086426281759e+01,2.873993947777599942e+02,-3.309743681465935304e-03,4.353926633466471269e-03,3.284273940188526808e-01,1.982247881045566373e+00,-6.246968734457203701e-04,6.349171344239134401e-04
4.823078825828167027e+01,2.893816426588055606e+02,-3.934440554911655674e-03,4.988843767890384709e-03,3.303552806034204536e-01,1.983446770720433960e+00,-6.315387606078441338e-04,6.405239012166746848e-04
4.856114353888509072e+01,2.913650894295259945e+02,-4.565979315519499808e-03,5.629367669107059394e-03,3.305575358739218927e-01,1.983365701267643999e+00,-6.342427221224401085e-04,6.424972426854174551e-04
4.889170107475901261e+01,2.933484551307936385e+02,-5.200222037641939916e-03,6.271864911792476849e-03,3.305607651226551980e-01,1.983160700153973721e+00,-6.353613104954376062e-04,6.431931113543044864e-04
4.922226183988166781e+01,2.953316158309476123e+02,-5.835583348137377523e-03,6.915058023146781335e-03,3.305321238700500430e-01,1.982977023776754777e+00,-6.358586131120355298e-04,6.434451830881360995e-04
4.955279396375171785e+01,2.973145928547243670e+02,-6.471441961249413052e-03,7.558503206234917435e-03,3.305075301239099872e-01,1.982805268087588502e+00,-6.360962286685303488e-04,6.435420574179735731e-04
4.988330149387562784e+01,2.992973981228119555e+02,-7.107538189917943401e-03,8.202045263652891008e-03,3.304877086906756745e-01,1.982673494205926090e+00,-6.362172832926728597e-04,6.435808759023085163e-04
5.021378920256630352e+01,3.012800716170178816e+02,-7.743755473210616261e-03,8.845626139555199524e-03,3.304622345750729551e-01,1.982561547399200208e+00,-6.362812104967804222e-04,6.435979505759886754e-04
5.054425143714137647e+01,3.032626331644170818e+02,-8.380036683707396683e-03,9.489224090131188200e-03,3.304410536830673095e-01,1.982411726577026911e+00,-6.363171851699201548e-04,6.436066129683042786e-04
5.087469249082444378e+01,3.052450448909941088e+02,-9.016353868877316838e-03,1.013283070309949248e-02,3.304197616927311287e-01,1.982317559446983068e+00,-6.363379249980042479e-04,6.436105698751533322e-04
5.120511225251717491e+01,3.072273624504410918e+02,-9.652691793875321086e-03,1.077644127297464581e-02,3.303981085105718307e-01,1.982156609816627224e+00,-6.363486606143185786e-04,6.436127796049118804e-04
5.153551036102774674e+01,3.092095190602577190e+02,-1.028904045448963966e-02,1.142005405257955769e-02,3.303795276455048224e-01,1.982052478769958270e+00,-6.363561458449778357e-04,6.436139825968158895e-04
5.186588988867325156e+01,3.111915715390276773e+02,-1.092539660033461750e-02,1.206366803517637358e-02,3.303565131887538087e-01,1.981912600939210733e+00,-6.363596188301897522e-04,6.436141812654096184e-04
5.219624640186200537e+01,3.131734841399668881e+02,-1.156175621916480725e-02,1.270728221644178320e-02,3.303364571894320534e-01,1.981799198738258383e+00,-6.363620863074140321e-04,6.436148483747235888e-04
5.252658285905143742e+01,3.151552833387051464e+02,-1.219811830547222128e-02,1.335089706481650679e-02,3.303118604739765374e-01,1.981650234492462914e+00,-6.363627911905121032e-04,6.436152478431714924e-04
5.285689471952541396e+01,3.171369335731976093e+02,-1.283448109666273339e-02,1.399451231265967828e-02,3.302900993497317472e-01,1.981527556506364363e+00,-6.363647497995925800e-04,6.436153801871857122e-04
5.318718481887514571e+01,3.191184611297039737e+02,-1.347084584646232597e-02,1.463812769284686399e-02,3.302676472980863309e-01,1.981369273751511173e+00,-6.363634316298456134e-04,6.436152459210042059e-04
5.351745246617323204e+01,3.210998304034554849e+02,-1.410720927809217158e-02,1.528174293876786820e-02,3.302441790152812473e-01,1.981268316701857657e+00,-6.363648774915259959e-04,6.436148455597392321e-04
5.384769664518851329e+01,3.230810987201573425e+02,-1.474357415558369758e-02,1.592535778432760743e-02,3.302198565363241300e-01,1.981101216559466138e+00,-6.363660681674085384e-04,6.436156452467138578e-04
5.417791650172483742e+01,3.250621999367168087e+02,-1.537994022375110612e-02,1.656897342957432129e-02,3.301947641414386680e-01,1.980960481210502167e+00,-6.363654889941956772e-04,6.436161770365274315e-04
5.450811126586627609e+01,3.270431604179273108e+02,-1.601630571274530179e-02,1.721258960661084872e-02,3.301688202058272736e-01,1.980814651844582386e+00,-6.363646507648798578e-04,6.436149777002721228e-04
5.483828008607210336e+01,3.290239750697718932e+02,-1.665267036351018165e-02,1.785620458431112084e-02,3.301456887766676118e-01,1.980664668593988154e+00,-6.363650690880268135e-04,6.436149771263388608e-04
5.516842577484877097e+01,3.310046397383658814e+02,-1.728903543259820846e-02,1.849981956143745970e-02,3.301179511807461608e-01,1.980510538746727889e+00,-6.363652302620592671e-04,6.436161720611704995e-04
5.549854372602951713e+01,3.329851502771126093e+02,-1.792540066286026773e-02,1.914343573349863020e-02,3.300931053182267760e-01,1.980382431241082486e+00,-6.363651337947112685e-04,6.436156374144928749e-04
5.582863683134774391e+01,3.349655327083536918e+02,-1.856176579665497900e-02,1.978705137091312308e-02,3.300674004293000507e-01,1.980218613986437504e+00,-6.363647791943274901e-04,6.436148374445727072e-04
5.615870423177704396e+01,3.369457513223401293e+02,-1.919813057584930649e-02,2.043066620835769578e-02,3.300407493302017770e-01,1.980051136072177087e+00,-6.363656859346422667e-04,6.436166907467580356e-04
5.648874498110724574e+01,3.389258024584123064e+02,-1.983449626178394876e-02,2.107428289910445382e-02,3.300095897774042442e-01,1.979878067483696213e+00,-6.363648155237183746e-04,6.436153579126024926e-04
5.681875457088464998e+01,3.409056805258960026e+02,-2.047086107730766713e-02,2.171789825701705631e-02,3.301190232098392130e-01,1.980024383506815866e+00,-6.205086297237094595e-04,6.277421978097864896e-04
5.714887359409448919e+01,3.428857049094028184e+02,-2.109136970703137659e-02,2.234564045482684280e-02,3.298865578704592849e-01,1.979589331931606466e+00,-6.175817636827618529e-04,6.248173774757066756e-04
5.747876015196494848e+01,3.448652942413344249e+02,-2.170895147071413844e-02,2.297045783230254948e-02,3.299317049246965894e-01,1.979536110969604579e+00,-6.175824666982271394e-04,6.248245400161077379e-04
5.780869185688964507e+01,3.468448303523040295e+02,-2.232653393741236558e-02,2.359528237231865722e-02,3.299238142492981751e-01,1.979414778565967481e+00,-6.175814105472479665e-04,6.248270820598984809e-04
5.813861567113894324e+01,3.488242451308699970e+02,-2.294411534795961355e-02,2.422010945437855570e-02,3.298964526601793068e-01,1.979225651666411068e+00,-6.175801166696005817e-04,6.248264685327631351e-04
5.846851212379912255e+01,3.508034707825364080e+02,-2.356169546462921413e-02,2.484493592291131883e-02,3.298683719499138078e-01,1.979094737513321434e+00,-6.175770580407469179e-04,6.248256124457875205e-04
5.879838049574903636e+01,3.527825655200497295e+02,-2.417927252266996105e-02,2.546976153535710635e-02,3.298392045677616125e-01,1.978928245384338425e+00,-6.175783405615205279e-04,6.248245142544232855e-04
5.912821970031679797e+01,3.547614937654340679e+02,-2.479685086323148158e-02,2.609458604961152964e-02,3.298131273126188034e-01,1.978758438702811873e+00,-6.175763327523828283e-04,6.248260760693541416e-04
5.945803282762941677e+01,3.567402522041368798e+02,-2.541442719598386440e-02,2.671941212568088378e-02,3.297788022654088991e-01,1.978583308271367969e+00,-6.175740854573973093e-04,6.248244914073240730e-04
5.978781162989482567e+01,3.587188355124082477e+02,-2.603200128144126171e-02,2.734423661708820785e-02,3.297508172547551908e-01,1.978436240090218234e+00,-6.175761893182987738e-04,6.248255640390713850e-04
6.011756244714958086e+01,3.606972717524984660e+02,-2.664957747075956049e-02,2.796906218112727924e-02,3.297220102916398332e-01,1.978253524659066898e+00,-6.175780613186174217e-04,6.248263909543194661e-04
6.044728445744122070e+01,3.626755252771575329e+02,-2.726715553207817791e-02,2.859388857208159870e-02,3.296890566108103826e-01,1.978066493437665940e+00,-6.175735720167149778e-04,6.248269726122530898e-04
6.077697351405203108e+01,3.646535917705951988e+02,-2.788472910409489289e-02,2.921871554469385179e-02,3.296584238222521890e-01,1.977905543447491254e+00,-6.175780378242685942e-04,6.248244168658607933e-04
6.110663193787428327e+01,3.666314973140426900e+02,-2.850230714191916148e-02,2.984353996155971259e-02,3.296238452318576151e-01,1.977709905665506085e+00,-6.175730712725535643e-04,6.248245129980810331e-04
6.143625578310614088e+01,3.686092072197081961e+02,-2.911988021319171505e-02,3.046836447455779362e-02,3.295952771672006065e-01,1.977542452398438400e+00,-6.175770703151332863e-04,6.248272542366956062e-04
6.176585106027334149e+01,3.705867496721066345e+02,-2.973745728350684833e-02,3.109319172879448923e-02,3.295625726881681317e-01,1.977368662134608712e+00,-6.175746968420103844e-04,6.248239722552173525e-04
6.209541363296150962e+01,3.725641183342412432e+02,-3.035503198034885872e-02,3.171801570104970658e-02,3.295288543880161569e-01,1.977192686714261072e+00,-6.175751571891111014e-04,6.248262234842261176e-04
6.242494248734952578e+01,3.745413110209555043e+02,-3.097260713753796982e-02,3.234284192453393270e-02,3.294869284284018818e-01,1.976979881710008158e+00,-6.175753826291145721e-04,6.248253432059036605e-04
6.275442941577792766e+01,3.765182909026655125e+02,-3.159018252016708439e-02,3.296766726773983636e-02,3.294663487174815941e-01,1.976794293199361618e+00,-6.175753727260188675e-04,6.248242208685833576e-04
6.308389576449540925e+01,3.784950851958648741e+02,-3.220775789289310326e-02,3.359249148860841971e-02,3.294227853596680688e-01,1.976605493688396109e+00,-6.175751270434057250e-04,6.248257369083701218e-04
6.341331854985507732e+01,3.804716906895532702e+02,-3.282533301993650898e-02,3.421731722551678984e-02,3.293929632873755509e-01,1.976444015694198697e+00,-6.175777267293375283e-04,6.248270064014918579e-04
6.374271151314245287e+01,3.824481347052474689e+02,-3.344291074666584651e-02,3.484214423191828169e-02,3.293553449656343446e-01,1.976214066266948066e+00,-6.175739284948536523e-04,6.248251534223953074e-04
6.407206685810808722e+01,3.844243487715144170e+02,-3.406048467516070016e-02,3.546696938534067700e-02,3.293165015509345039e-01,1.976044094820963437e+00,-6.175760582446607194e-04,6.248259347946191755e-04
6.440138335965902172e+01,3.864003928663353804e+02,-3.467806073340536088e-02,3.609179532013529618e-02,3.292844045281668741e-01,1.975805564378106283e+00,-6.175748688821702803e-04,6.248235982028588209e-04
6.473066776418718860e+01,3.883761984307134867e+02,-3.529563560228753116e-02,3.671661891833815500e-02,3.292439129555901900e-01,1.975659831132816180e+00,-6.175765307607147814e-04,6.248267642773308594e-04
6.505991167714277879e+01,3.903518582618463029e+02,-3.591321213304824594e-02,3.734144568261548586e-02,3.292101617564497928e-01,1.975412760312963201e+00,-6.175748688430071631e-04,6.248239423041895835e-04
6.538912183889922858e+01,3.923272710221592661e+02,-3.653078700189125311e-02,3.796626962491967544e-02,3.291753695577028793e-01,1.975226919464489583e+00,-6.175760611079050832e-04,6.248266167352828360e-04
6.571829720845693146e+01,3.943024979416237557e+02,-3.714836306299915819e-02,3.859109624165495828e-02,3.291324026363611210e-01,1.975035785749412298e+00,-6.175770198219576734e-04,6.248261768270063632e-04
6.604742961109329258e+01,3.962775337273731679e+02,-3.776594008282111586e-02,3.921592241848196464e-02,3.290961670930414584e-01,1.974808704655515612e+00,-6.175746477029356307e-04,6.248254940343020425e-04
6.637652577818633404e+01,3.982523424320286836e+02,-3.838351473052405149e-02,3.984074791251626668e-02,3.290588877657398825e-01,1.974609103450120529e+00,-6.175751341855675869e-04,6.248245688125972364e-04
6.670558466595207392e+01,4.002269515354788041e+02,-3.900108986470961908e-02,4.046557248132886392e-02,3.290134490286220625e-01,1.974374618853858010e+00,-6.175753858095878179e-04,6.248262618719566119e-04
6.703459811498069598e+01,4.022013261543326621e+02,-3.961866525051920690e-02,4.109039874320082053e-02,3.289818373711455024e-01,1.974166552565918664e+00,-6.175754021389492920e-04,6.248248495837396832e-04
6.736357995235184148e+01,4.041754927068985808e+02,-4.023624065265815619e-02,4.171522359278456021e-02,3.289347446763741800e-01,1.973987189386662067e+00,-6.175751827374176273e-04,6.248260529165272636e-04
6.769251469702821566e+01,4.061494798962852428e+02,-4.085381583539557382e-02,4.234004964570108748e-02,3.285952509460656756e-01,1.973036329047602067e+00,-6.421903436319778558e-04,6.494644823767520281e-04
6.802110994797428134e+01,4.081225162253328449e+02,-4.149600617902755167e-02,4.298951412807783951e-02,3.278340414020135540e-01,1.971038353273740995e+00,-7.143466294264183558e-04,7.216884950652577291e-04
6.834894398937629489e+01,4.100935545786065859e+02,-4.221035280845397003e-02,4.371120262314309723e-02,3.294848467841120510e-01,1.972724621760733044e+00,-7.145088595954945943e-04,7.218208492494812556e-04
6.867842883616040695e+01,4.120662792003673189e+02,-4.292486166804946462e-02,4.443302347239257849e-02,3.284529072346202838e-01,1.971301868424632175e+00,-7.144656036703542212e-04,7.217559843789786433e-04
6.900688174339502723e+01,4.140375810687919511e+02,-4.363932727171981885e-02,4.515477945677155713e-02,3.284018636807104485e-01,1.970983349610605728e+00,-7.144841976746418855e-04,7.217592025883165507e-04
6.933528360707573768e+01,4.160085644184025568e+02,-4.435381146939446073e-02,4.587653865935987368e-02,3.283430573474390712e-01,1.970721952282474376e+00,-7.144931135939225353e-04,7.217591937085932052e-04
6.966362666442317675e+01,4.179792863706850312e+02,-4.506830458298838327e-02,4.659829785306846689e-02,3.282904011029614821e-01,1.970392268344369313e+00,-7.145016835044815107e-04,7.217616517566707857e-04
6.999191706552613823e+01,4.199496786390294005e+02,-4.578280626649286478e-02,4.732005950482513768e-02,3.282295546764402161e-01,1.970088942026336554e+00,-7.145067845739580537e-04,7.217637289001141432e-04
7.032014662020257845e+01,4.219197675810557371e+02,-4.649731305106682283e-02,4.804182323372525182e-02,3.281753161680711628e-01,1.969810912067600839e+00,-7.145052828107165133e-04,7.217625875686820014e-04
7.064832193637064961e+01,4.238895784931233379e+02,-4.721181833387753934e-02,4.876358582129393382e-02,3.281122158997362703e-01,1.969464468221701736e+00,-7.145096657499225290e-04,7.217639094601879801e-04
7.097643415227038588e+01,4.258590429613450397e+02,-4.792632799962746187e-02,4.948534973075412180e-02,3.280554850610997164e-01,1.969206232037834070e+00,-7.145105641520599349e-04,7.217591843066695212e-04
7.130448963733148560e+01,4.278282491933828737e+02,-4.864083856377952181e-02,5.020710891506079132e-02,3.279976193895350889e-01,1.968850955283073745e+00,-7.145110993148420797e-04,7.217654227998915317e-04
7.163248725672102069e+01,4.297971001486659475e+02,-4.935534966309436389e-02,5.092887433786068285e-02,3.279313721333210196e-01,1.968551927724774941e+00,-7.145112704584621888e-04,7.217656117878210043e-04
7.196041862885434170e+01,4.317656520763907224e+02,-5.006986093355282608e-02,5.165063994964850386e-02,3.278782527770829347e-01,1.968245062399830658e+00,-7.145142122916905980e-04,7.217597684389398527e-04
7.228829688163142464e+01,4.337338971387905531e+02,-5.078437514584451667e-02,5.237239971808744371e-02,3.278097471024921106e-01,1.967937343725168375e+00,-7.145136575334234963e-04,7.217648666508480471e-04
7.261610662873391675e+01,4.357018344825157214e+02,-5.149888880337794017e-02,5.309416458473829176e-02,3.277548292557384002e-01,1.967621790504836099e+00,-7.145095964386644072e-04,7.217639300674608127e-04
7.294386145798965515e+01,4.376694562730205575e+02,-5.221339839981660458e-02,5.381592851480575257e-02,3.276910559845447324e-01,1.967268542722592883e+00,-7.145114459014972885e-04,7.217626199191237713e-04
7.327155251397419988e+01,4.396367248157431504e+02,-5.292790984571810187e-02,5.453769113472487634e-02,3.276261474375843363e-01,1.966976482386371572e+00,-7.145129341646697108e-04,7.217665770428913219e-04
7.359917866141178422e+01,4.416037012981295220e+02,-5.364242277988277158e-02,5.525945771176776766e-02,3.275601042549425301e-01,1.966612173658404572e+00,-7.145140604508382065e-04,7.217645140539519222e-04
7.392673876566672675e+01,4.435703134717879266e+02,-5.435693684033360978e-02,5.598122222582171958e-02,3.275006312155852584e-01,1.966306776206806717e+00,-7.145085260586853115e-04,7.217620799350871197e-04
7.425423939688231201e+01,4.455366202479947333e+02,-5.507144536639229510e-02,5.670298430575680670e-02,3.274318178054471673e-01,1.965966035855160499e+00,-7.145152194756171360e-04,7.217649033211676057e-04
7.458167121468775917e+01,4.475025862838498938e+02,-5.578596058586791223e-02,5.742474920907797431e-02,3.273628644354431572e-01,1.965649697500225557e+00,-7.145089482230998490e-04,7.217617212400828652e-04
7.490903407912320233e+01,4.494682359813501193e+02,-5.650046953409101208e-02,5.814651093031805718e-02,8.927105441247817907e-02,5.360134096194997255e-01,-1.948715595863556582e-04,1.968462466623577267e-04
