Sigma_1,Sigma_2,Epsilon_1,Epsilon_2,dSigma_1,dSigma_2,dEpsilon_1,dEpsilon_2
-0.000000000000000000e+00,-0.000000000000000000e+00,0.000000000000000000e+00,0.000000000000000000e+00,1.980026268951008195e+00,1.980026268951008195e+00,5.310185677281807889e-06,5.310185677281807889e-06
1.980026268951008195e+00,1.980026268951008195e+00,5.310185677281807889e-06,5.310185677281807889e-06,1.980057787870840080e+00,1.980057787870840080e+00,5.310157479581658390e-06,5.310157479581658390e-06
3.960084056821848275e+00,3.960084056821848275e+00,1.062034315686346628e-05,1.062034315686346628e-05,1.980105042913537172e+00,1.980105042913537172e+00,5.310170754123431333e-06,5.310170754123431333e-06
5.940189099735385447e+00,5.940189099735385447e+00,1.593051391098689761e-05,1.593051391098689761e-05,1.980147529882052559e+00,1.980147529882052559e+00,5.310171659572009183e-06,5.310171659572009183e-06
7.920336629617438007e+00,7.920336629617438007e+00,2.124068557055890680e-05,2.124068557055890680e-05,1.980189063483727807e+00,1.980189063483727807e+00,5.310171109614719460e-06,5.310171109614719460e-06
9.900525693101165814e+00,9.900525693101165814e+00,2.655085668017362626e-05,2.655085668017362626e-05,1.980231551113483590e+00,1.980231551113483590e+00,5.310170559738500954e-06,5.310170559738500954e-06
1.188075724421464940e+01,1.188075724421464940e+01,3.186102723991212721e-05,3.186102723991212721e-05,1.980273562247083063e+00,1.980273562247083063e+00,5.310171464725516998e-06,5.310171464725516998e-06
1.386103080646173247e+01,1.386103080646173247e+01,3.717119870463764421e-05,3.717119870463764421e-05,1.980314620005463766e+00,1.980314620005463766e+00,5.310172369548371281e-06,5.310172369548371281e-06
1.584134542646719623e+01,1.584134542646719623e+01,4.248137107418601549e-05,4.248137107418601549e-05,1.980358539196075185e+00,1.980358539196075185e+00,5.310170363785505913e-06,5.310170363785505913e-06
1.782170396566327142e+01,1.782170396566327142e+01,4.779154143797152140e-05,4.779154143797152140e-05,1.980399597622145791e+00,1.980399597622145791e+00,5.310171268533021697e-06,5.310171268533021697e-06
1.980210356328541721e+01,1.980210356328541721e+01,5.310171270650454310e-05,5.310171270650454310e-05,1.980441610166035815e+00,1.980441610166035815e+00,5.310175083062992072e-06,5.310175083062992072e-06
2.178254517345145302e+01,2.178254517345145302e+01,5.841188778956753517e-05,5.841188778956753517e-05,1.980483622859363635e+00,1.980483622859363635e+00,5.310170166700854525e-06,5.310170166700854525e-06
2.376302879631081666e+01,2.376302879631081666e+01,6.372205795626838969e-05,6.372205795626838969e-05,1.980525636007552492e+00,1.980525636007552492e+00,5.310171070764828274e-06,5.310171070764828274e-06
2.574355443231836915e+01,2.574355443231836915e+01,6.903222902703321797e-05,6.903222902703321797e-05,1.980567649495341698e+00,1.980567649495341698e+00,5.310171974886671313e-06,5.310171974886671313e-06
2.772412208181371085e+01,2.772412208181371085e+01,7.434240100191988928e-05,7.434240100191988928e-05,1.980609663322731251e+00,1.980609663322731251e+00,5.310172878400331144e-06,5.310172878400331144e-06
2.970473174513644210e+01,2.970473174513644210e+01,7.965257388032022043e-05,7.965257388032022043e-05,1.980651677305306890e+00,1.980651677305306890e+00,5.310167961789145582e-06,5.310167961789145582e-06
3.168538342244174899e+01,3.168538342244174899e+01,8.496274184210936601e-05,8.496274184210936601e-05,1.980695599505597926e+00,1.980695599505597926e+00,5.310174685632253308e-06,5.310174685632253308e-06
3.366607902194734692e+01,3.366607902194734692e+01,9.027291652774161932e-05,9.027291652774161932e-05,1.980733799102694093e+00,1.980733799102694093e+00,5.310169768532580457e-06,5.310169768532580457e-06
3.564681282105004101e+01,3.564681282105004101e+01,9.558308629627419977e-05,9.558308629627419977e-05,1.980777721786232348e+00,1.980777721786232348e+00,5.310170671673572896e-06,5.310170671673572896e-06
3.762759054283627336e+01,3.762759054283627336e+01,1.008932569679477727e-04,1.008932569679477727e-04,1.980821645070257375e+00,1.980821645070257375e+00,5.310177394709573420e-06,5.310177394709573420e-06
3.960841218790653073e+01,3.960841218790653073e+01,1.062034343626573461e-04,1.062034343626573461e-04,1.980861752668076292e+00,1.980861752668076292e+00,5.310160837153804795e-06,5.310160837153804795e-06
4.158927394057460702e+01,4.158927394057460702e+01,1.115135951998111509e-04,1.115135951998111509e-04,1.980905677135602616e+00,1.980905677135602616e+00,5.310179200362070517e-06,5.310179200362070517e-06
4.357017961771020964e+01,4.357017961771020964e+01,1.168237744001732214e-04,1.168237744001732214e-04,1.980945785323172004e+00,1.980945785323172004e+00,5.310162642441494966e-06,5.310162642441494966e-06
4.555112540303338164e+01,4.555112540303338164e+01,1.221339370426147164e-04,1.221339370426147164e-04,1.980989710559292405e+00,1.980989710559292405e+00,5.310181004914061751e-06,5.310181004914061751e-06
4.753211511359267405e+01,4.753211511359267405e+01,1.274441180475287781e-04,1.274441180475287781e-04,1.981029819336662001e+00,1.981029819336662001e+00,5.310164447072700722e-06,5.310164447072700722e-06
4.951314493292933605e+01,4.951314493292933605e+01,1.327542824946014788e-04,1.327542824946014788e-04,1.981069929518106676e+00,1.981069929518106676e+00,5.310171169284246808e-06,5.310171169284246808e-06
5.149421486244744273e+01,5.149421486244744273e+01,1.380644536638857257e-04,1.380644536638857257e-04,1.981117670531716612e+00,1.981117670531716612e+00,5.310177891016927901e-06,5.310177891016927901e-06
5.347533253297915934e+01,5.347533253297915934e+01,1.433746315549026536e-04,1.433746315549026536e-04,1.981153965571898823e+00,1.981153965571898823e+00,5.310172972869034837e-06,5.310172972869034837e-06
5.545648649855105816e+01,5.545648649855105816e+01,1.486848045277716884e-04,1.486848045277716884e-04,1.981201706680032260e+00,1.981201706680032260e+00,5.310168054427702455e-06,5.310168054427702455e-06
5.743768820523109042e+01,5.743768820523109042e+01,1.539949725821993908e-04,1.539949725821993908e-04,1.981238002960957090e+00,1.981238002960957090e+00,5.310174775637228894e-06,5.310174775637228894e-06
5.941892620819204751e+01,5.941892620819204751e+01,1.593051473578366197e-04,1.593051473578366197e-04,1.981285744786006831e+00,1.981285744786006831e+00,5.310169857373515934e-06,5.310169857373515934e-06
6.140021195297805434e+01,6.140021195297805434e+01,1.646153172152101357e-04,1.646153172152101357e-04,1.981322040970745491e+00,1.981322040970745491e+00,5.310164938372464180e-06,5.310164938372464180e-06
6.338153399394879983e+01,6.338153399394879983e+01,1.699254821535825999e-04,1.699254821535825999e-04,1.981365968861503291e+00,1.981365968861503291e+00,5.310171659502789651e-06,5.310171659502789651e-06
6.536289996281030312e+01,6.536289996281030312e+01,1.752356538130853895e-04,1.752356538130853895e-04,1.981409897156751754e+00,1.981409897156751754e+00,5.310178379710269337e-06,5.310178379710269337e-06
6.734430985996705488e+01,6.734430985996705488e+01,1.805458321927956588e-04,1.805458321927956588e-04,1.981453825049811712e+00,1.981453825049811712e+00,5.310173460691870349e-06,5.310173460691870349e-06
6.932576368501686659e+01,6.932576368501686659e+01,1.858560056534875292e-04,1.858560056534875292e-04,1.981490122425242362e+00,1.981490122425242362e+00,5.310168541602076648e-06,5.310168541602076648e-06
7.130725380744210895e+01,7.130725380744210895e+01,1.911661741950896058e-04,1.911661741950896058e-04,1.981541682654409442e+00,1.981541682654409442e+00,5.310175261508446286e-06,5.310175261508446286e-06
7.328879549009651839e+01,7.328879549009651839e+01,1.964763494565980521e-04,1.964763494565980521e-04,1.981570348855740349e+00,1.981570348855740349e+00,5.310158702924569398e-06,5.310158702924569398e-06
7.527036583895225874e+01,7.527036583895225874e+01,2.017865081595226215e-04,2.017865081595226215e-04,1.981621910700752665e+00,1.981621910700752665e+00,5.310177061952517461e-06,5.310177061952517461e-06
7.725198774965301141e+01,7.725198774965301141e+01,2.070966852214751390e-04,2.070966852214751390e-04,1.981665840281877422e+00,1.981665840281877422e+00,5.310172141886020233e-06,5.310172141886020233e-06
7.923365358993488883e+01,7.923365358993488883e+01,2.124068573633611592e-04,2.124068573633611592e-04,1.981702139142825558e+00,1.981702139142825558e+00,5.310167222414180791e-06,5.310167222414180791e-06
8.121535572907771439e+01,8.121535572907771439e+01,2.177170245857753400e-04,2.177170245857753400e-04,1.981746071249915531e+00,1.981746071249915531e+00,5.310185580165941582e-06,5.310185580165941582e-06
8.319710180032762992e+01,8.319710180032762992e+01,2.230272101659412816e-04,2.230272101659412816e-04,1.981782368729440691e+00,1.981782368729440691e+00,5.310157382466801747e-06,5.310157382466801747e-06
8.517888416905707061e+01,8.517888416905707061e+01,2.283373675484080833e-04,2.283373675484080833e-04,1.981833932695579392e+00,1.981833932695579392e+00,5.310175740050646727e-06,5.310175740050646727e-06
8.716071810175265000e+01,8.716071810175265000e+01,2.336475432884587301e-04,2.336475432884587301e-04,1.981870232747141358e+00,1.981870232747141358e+00,5.310170819602157968e-06,5.310170819602157968e-06
8.914258833449979136e+01,8.914258833449979136e+01,2.389577141080608880e-04,2.389577141080608880e-04,1.981914164270705214e+00,1.981914164270705214e+00,5.310165899304319101e-06,5.310165899304319101e-06
9.112450249877049657e+01,9.112450249877049657e+01,2.442678800073652071e-04,2.442678800073652071e-04,1.981958098296331627e+00,1.981958098296331627e+00,5.310184256056066018e-06,5.310184256056066018e-06
9.310646059706682820e+01,9.310646059706682820e+01,2.495780642634212732e-04,2.495780642634212732e-04,1.981994397030845789e+00,1.981994397030845789e+00,5.310156058370939496e-06,5.310156058370939496e-06
9.508845499409767399e+01,9.508845499409767399e+01,2.548882203217922126e-04,2.548882203217922126e-04,1.982045963118082454e+00,1.982045963118082454e+00,5.310174414510789812e-06,5.310174414510789812e-06
9.707050095721575644e+01,9.707050095721575644e+01,2.601983947363030025e-04,2.601983947363030025e-04,1.982082264655105064e+00,1.982082264655105064e+00,5.310169493680390838e-06,5.310169493680390838e-06
9.905258322187086151e+01,9.905258322187086151e+01,2.655085642299833933e-04,2.655085642299833933e-04,1.982126200217805945e+00,1.982126200217805945e+00,5.310187849405100143e-06,5.310187849405100143e-06
1.010347094220886675e+02,1.010347094220886675e+02,2.708187520793884934e-04,2.708187520793884934e-04,1.982162499958477042e+00,1.982162499958477042e+00,5.310159651459873519e-06,5.310159651459873519e-06
1.030168719220471445e+02,1.030168719220471445e+02,2.761289117308483670e-04,2.761289117308483670e-04,1.982206436203114208e+00,1.982206436203114208e+00,5.310178007016694117e-06,5.310178007016694117e-06
1.049990783582502587e+02,1.049990783582502587e+02,2.814390897378650611e-04,2.814390897378650611e-04,1.982250370431941633e+00,1.982250370431941633e+00,5.310173085431690431e-06,5.310173085431690431e-06
1.069813287286822003e+02,1.069813287286822003e+02,2.867492628232967515e-04,2.867492628232967515e-04,1.982294304996102596e+00,1.982294304996102596e+00,5.310168163775346242e-06,5.310168163775346242e-06
1.089636230336783029e+02,1.089636230336783029e+02,2.920594309870720977e-04,2.920594309870720977e-04,1.982338239895753418e+00,1.982338239895753418e+00,5.310163242491696550e-06,5.310163242491696550e-06
1.109459612735740563e+02,1.109459612735740563e+02,2.973695942295637943e-04,2.973695942295637943e-04,1.982374546054543885e+00,1.982374546054543885e+00,5.310181596577580061e-06,5.310181596577580061e-06
1.129283358196286002e+02,1.129283358196286002e+02,3.026797758261413744e-04,3.026797758261413744e-04,1.982418481636045726e+00,1.982418481636045726e+00,5.310176674682060873e-06,5.310176674682060873e-06
1.149107543012646460e+02,1.149107543012646460e+02,3.079899525008234352e-04,3.079899525008234352e-04,1.982462417552824263e+00,1.982462417552824263e+00,5.310171752715201181e-06,5.310171752715201181e-06
1.168932167188174702e+02,1.168932167188174702e+02,3.133001242535386364e-04,3.133001242535386364e-04,1.982506353805021604e+00,1.982506353805021604e+00,5.310166830455010593e-06,5.310166830455010593e-06
1.188757230726224918e+02,1.188757230726224918e+02,3.186102910839936470e-04,3.186102910839936470e-04,1.982542658526710966e+00,1.982542658526710966e+00,5.310161908345524106e-06,5.310161908345524106e-06
1.208582657311492028e+02,1.208582657311492028e+02,3.239204529923391711e-04,3.239204529923391711e-04,1.982586598226802721e+00,1.982586598226802721e+00,5.310180261431610583e-06,5.310180261431610583e-06
1.228408523293760055e+02,1.228408523293760055e+02,3.292306332537707817e-04,3.292306332537707817e-04,1.982630535496170410e+00,1.982630535496170410e+00,5.310175338710254600e-06,5.310175338710254600e-06
1.248234828648721759e+02,1.248234828648721759e+02,3.345408085924810363e-04,3.345408085924810363e-04,1.982674473100985324e+00,1.982674473100985324e+00,5.310170416139656929e-06,5.310170416139656929e-06
1.268061573379731612e+02,1.268061573379731612e+02,3.398509790086206932e-04,3.398509790086206932e-04,1.982710779013189040e+00,1.982710779013189040e+00,5.310165493497610335e-06,5.310165493497610335e-06
1.287888681169863503e+02,1.287888681169863503e+02,3.451611445021183036e-04,3.451611445021183036e-04,1.982762349276015357e+00,1.982762349276015357e+00,5.310160570784331659e-06,5.310160570784331659e-06
1.307716304662623656e+02,1.307716304662623656e+02,3.504713050729026352e-04,3.504713050729026352e-04,1.982783394648805597e+00,1.982783394648805597e+00,5.310178922426748733e-06,5.310178922426748733e-06
1.327544138609111712e+02,1.327544138609111712e+02,3.557814839953293840e-04,3.557814839953293840e-04,1.982850229892392235e+00,1.982850229892392235e+00,5.310173999323645165e-06,5.310173999323645165e-06
1.347372640908035635e+02,1.347372640908035635e+02,3.610916579946530291e-04,3.610916579946530291e-04,1.982886537076183231e+00,1.982886537076183231e+00,5.310169076149201094e-06,5.310169076149201094e-06
1.367201506278797467e+02,1.367201506278797467e+02,3.664018270708022302e-04,3.664018270708022302e-04,1.982922844473705482e+00,1.982922844473705482e+00,5.310164152903524941e-06,5.310164152903524941e-06
1.387030734723534522e+02,1.387030734723534522e+02,3.717119912237057552e-04,3.717119912237057552e-04,1.982959155358201997e+00,1.982959155358201997e+00,5.310182503519148348e-06,5.310182503519148348e-06
1.406860326277116542e+02,1.406860326277116542e+02,3.770221737272249035e-04,3.770221737272249035e-04,1.983010727898545156e+00,1.983010727898545156e+00,5.310177579883593093e-06,5.310177579883593093e-06
1.426690433556101993e+02,1.426690433556101993e+02,3.823323513071084966e-04,3.823323513071084966e-04,1.983047036191806001e+00,1.983047036191806001e+00,5.310172656176859966e-06,5.310172656176859966e-06
1.446520903918020053e+02,1.446520903918020053e+02,3.876425239632853566e-04,3.876425239632853566e-04,1.983098609483874952e+00,1.983098609483874952e+00,5.310167732398732125e-06,5.310167732398732125e-06
1.466351890012858803e+02,1.466351890012858803e+02,3.929526916956840887e-04,3.929526916956840887e-04,1.983134918366744159e+00,1.983134918366744159e+00,5.310162808327381807e-06,5.310162808327381807e-06
1.486183239196526245e+02,1.486183239196526245e+02,3.982628545040114705e-04,3.982628545040114705e-04,1.983171230967030851e+00,1.983171230967030851e+00,5.310181157943370811e-06,5.310181157943370811e-06
1.506014951506196553e+02,1.506014951506196553e+02,4.035730356619548413e-04,4.035730356619548413e-04,1.983222801848057770e+00,1.983222801848057770e+00,5.310152960069159430e-06,5.310152960069159430e-06
1.525847179524677131e+02,1.525847179524677131e+02,4.088831886220240007e-04,4.088831886220240007e-04,1.983259115130238115e+00,1.983259115130238115e+00,5.310171309295377753e-06,5.310171309295377753e-06
1.545679770675979512e+02,1.545679770675979512e+02,4.141933599313193785e-04,4.141933599313193785e-04,1.983295428764506596e+00,1.983295428764506596e+00,5.310189658301503034e-06,5.310189658301503034e-06
1.565512724963624578e+02,1.565512724963624578e+02,4.195035495896208815e-04,4.195035495896208815e-04,1.983347000645977687e+00,1.983347000645977687e+00,5.310161460337086033e-06,5.310161460337086033e-06
1.585346194970084355e+02,1.585346194970084355e+02,4.248137110499579676e-04,4.248137110499579676e-04,1.983398580314258197e+00,1.983398580314258197e+00,5.310179808509514054e-06,5.310179808509514054e-06
1.605180180773226937e+02,1.605180180773226937e+02,4.301238908584674816e-04,4.301238908584674816e-04,1.983419622150790929e+00,1.983419622150790929e+00,5.310151610871658746e-06,5.310151610871658746e-06
1.625014376994734846e+02,1.625014376994734846e+02,4.354340424693391404e-04,4.354340424693391404e-04,1.983471202500936670e+00,1.983471202500936670e+00,5.310169958876360691e-06,5.310169958876360691e-06
1.644849089019744213e+02,1.644849089019744213e+02,4.407442124282155010e-04,4.407442124282155010e-04,1.983522783446261428e+00,1.983522783446261428e+00,5.310188306439033411e-06,5.310188306439033411e-06
1.664684316854206827e+02,1.664684316854206827e+02,4.460544007346545345e-04,4.460544007346545345e-04,1.983543825796999727e+00,1.983543825796999727e+00,5.310160108710864062e-06,5.310160108710864062e-06
1.684519755112176824e+02,1.684519755112176824e+02,4.513645608433653985e-04,4.513645608433653985e-04,1.983595407424161294e+00,1.983595407424161294e+00,5.310178455661884126e-06,5.310178455661884126e-06
1.704355709186418437e+02,1.704355709186418437e+02,4.566747392990272826e-04,4.566747392990272826e-04,1.983646989646473457e+00,1.983646989646473457e+00,5.310196802614855754e-06,5.310196802614855754e-06
1.724192179082883172e+02,1.724192179082883172e+02,4.619849361016421384e-04,4.619849361016421384e-04,1.983683298430833020e+00,1.983683298430833020e+00,5.310168604352499995e-06,5.310168604352499995e-06
1.744029012067191502e+02,1.744029012067191502e+02,4.672951047059946384e-04,4.672951047059946384e-04,1.983719607290709064e+00,1.983719607290709064e+00,5.310140406833635876e-06,5.310140406833635876e-06
1.763866208140098593e+02,1.763866208140098593e+02,4.726052451128282743e-04,4.726052451128282743e-04,1.983771198903724553e+00,1.983771198903724553e+00,5.310205297062134573e-06,5.310205297062134573e-06
1.783703920129135838e+02,1.783703920129135838e+02,4.779154504098904088e-04,4.779154504098904088e-04,1.983807500055064565e+00,1.983807500055064565e+00,5.310130555343786293e-06,5.310130555343786293e-06
1.803541995129686484e+02,1.803541995129686484e+02,4.832255809652341951e-04,4.832255809652341951e-04,1.983843826452812209e+00,1.983843826452812209e+00,5.310195444688389169e-06,5.310195444688389169e-06
1.823380433394214606e+02,1.823380433394214606e+02,4.885357764099225843e-04,4.885357764099225843e-04,1.983895402654383133e+00,1.983895402654383133e+00,5.310167246662389484e-06,5.310167246662389484e-06
1.843219387420758437e+02,1.843219387420758437e+02,4.938459436565849738e-04,4.938459436565849738e-04,1.983931721435851614e+00,1.983931721435851614e+00,5.310185591782408919e-06,5.310185591782408919e-06
1.863058704635116953e+02,1.863058704635116953e+02,4.991561292483673827e-04,4.991561292483673827e-04,1.983983298296919884e+00,1.983983298296919884e+00,5.310157394082916718e-06,5.310157394082916718e-06
1.882898537618086152e+02,1.882898537618086152e+02,5.044662866424502994e-04,5.044662866424502994e-04,1.984019617760139909e+00,1.984019617760139909e+00,5.310175738591337707e-06,5.310175738591337707e-06
1.902738733795687551e+02,1.902738733795687551e+02,5.097764623810416371e-04,5.097764623810416371e-04,1.984055928631960342e+00,1.984055928631960342e+00,5.310147540996687857e-06,5.310147540996687857e-06
1.922579293082007155e+02,1.922579293082007155e+02,5.150866099220383250e-04,5.150866099220383250e-04,1.984107524380391396e+00,1.984107524380391396e+00,5.310212427194990238e-06,5.310212427194990238e-06
1.942420368325811069e+02,1.942420368325811069e+02,5.203968223492333152e-04,5.203968223492333152e-04,1.984143826806104016e+00,1.984143826806104016e+00,5.310137687378115728e-06,5.310137687378115728e-06
1.962261806593872109e+02,1.962261806593872109e+02,5.257069600366114310e-04,5.257069600366114310e-04,1.984180156690996455e+00,1.984180156690996455e+00,5.310202572692576499e-06,5.310202572692576499e-06
1.982103608160782073e+02,1.982103608160782073e+02,5.310171626093040075e-04,5.310171626093040075e-04,1.984231735552697273e+00,1.984231735552697273e+00,5.310174374590953712e-06,5.310174374590953712e-06
2.001945925516309046e+02,2.001945925516309046e+02,5.363273369838949612e-04,5.363273369838949612e-04,1.984268047679194069e+00,1.984268047679194069e+00,5.310146176788787566e-06,5.310146176788787566e-06
2.021788605993100987e+02,2.021788605993100987e+02,5.416374831606837487e-04,5.416374831606837487e-04,1.984319636512708485e+00,1.984319636512708485e+00,5.310164520130064916e-06,5.310164520130064916e-06
2.041631802358228072e+02,2.041631802358228072e+02,5.469476476808138136e-04,5.469476476808138136e-04,1.984355958725473101e+00,1.984355958725473101e+00,5.310182862585657512e-06,5.310182862585657512e-06
2.061475361945482803e+02,2.061475361945482803e+02,5.522578305433994712e-04,5.522578305433994712e-04,1.984392271609181080e+00,1.984392271609181080e+00,5.310154664915221930e-06,5.310154664915221930e-06
2.081319284661574613e+02,2.081319284661574613e+02,5.575679852083146931e-04,5.575679852083146931e-04,1.984443861719597635e+00,1.984443861719597635e+00,5.310173007203088449e-06,5.310173007203088449e-06
2.101163723278770590e+02,2.101163723278770590e+02,5.628781582155177815e-04,5.628781582155177815e-04,1.984480184966201932e+00,1.984480184966201932e+00,5.310191349049034164e-06,5.310191349049034164e-06
2.121008525128432609e+02,2.121008525128432609e+02,5.681883495645668157e-04,5.681883495645668157e-04,1.984531766147142662e+00,1.984531766147142662e+00,5.310163151066565196e-06,5.310163151066565196e-06
2.140853842789904036e+02,2.140853842789904036e+02,5.734985127156333809e-04,5.734985127156333809e-04,1.984568090075526925e+00,1.984568090075526925e+00,5.310181492522848649e-06,5.310181492522848649e-06
2.160699523690659305e+02,2.160699523690659305e+02,5.788086942081562295e-04,5.788086942081562295e-04,1.984604404213826001e+00,1.984604404213826001e+00,5.310153294645113611e-06,5.310153294645113611e-06
2.180545567732797565e+02,2.180545567732797565e+02,5.841188475028013432e-04,5.841188475028013432e-04,1.984640728661986486e+00,1.984640728661986486e+00,5.310171635933779409e-06,5.310171635933779409e-06
2.200391975019417430e+02,2.200391975019417430e+02,5.894290191387351226e-04,5.894290191387351226e-04,1.984692321326122055e+00,1.984692321326122055e+00,5.310189976336652032e-06,5.310189976336652032e-06
2.220238898232678650e+02,2.220238898232678650e+02,5.947392091150717746e-04,5.947392091150717746e-04,1.984743904166862194e+00,1.984743904166862194e+00,5.310161778590755978e-06,5.310161778590755978e-06
2.240086337274347272e+02,2.240086337274347272e+02,6.000493708936625306e-04,6.000493708936625306e-04,1.984780229810780838e+00,1.984780229810780838e+00,5.310180118825902525e-06,5.310180118825902525e-06
2.259934139572455081e+02,2.259934139572455081e+02,6.053595510124884331e-04,6.053595510124884331e-04,1.984816545203699434e+00,1.984816545203699434e+00,5.310151920740976451e-06,5.310151920740976451e-06
2.279782305024492075e+02,2.279782305024492075e+02,6.106697029332294096e-04,6.106697029332294096e-04,1.984852871367309035e+00,1.984852871367309035e+00,5.310170260808505342e-06,5.310170260808505342e-06
2.299630833738165165e+02,2.299630833738165165e+02,6.159798731940379149e-04,6.159798731940379149e-04,1.984904466152386249e+00,1.984904466152386249e+00,5.310188600434221848e-06,5.310188600434221848e-06
2.319479878399689028e+02,2.319479878399689028e+02,6.212900617944721367e-04,6.212900617944721367e-04,1.984940782302373918e+00,1.984940782302373918e+00,5.310160402259090154e-06,5.310160402259090154e-06
2.339329286222712767e+02,2.339329286222712767e+02,6.266002221967312269e-04,6.266002221967312269e-04,1.984992377931121155e+00,1.984992377931121155e+00,5.310178741273316634e-06,5.310178741273316634e-06
2.359179210002023979e+02,2.359179210002023979e+02,6.319104009380045435e-04,6.319104009380045435e-04,1.985028694578659270e+00,1.985028694578659270e+00,5.310150543646682819e-06,5.310150543646682819e-06
2.379029496947810571e+02,2.379029496947810571e+02,6.372205514816512264e-04,6.372205514816512264e-04,1.985080291051048107e+00,1.985080291051048107e+00,5.310168882049527694e-06,5.310168882049527694e-06
2.398880299858321052e+02,2.398880299858321052e+02,6.425307203637007540e-04,6.425307203637007540e-04,1.985101350770094086e+00,1.985101350770094086e+00,5.310187220454324133e-06,5.310187220454324133e-06
2.418731313366021993e+02,2.418731313366021993e+02,6.478409075841550782e-04,6.478409075841550782e-04,1.985168205523422102e+00,1.985168205523422102e+00,5.310159022515656933e-06,5.310159022515656933e-06
2.438582995421256214e+02,2.438582995421256214e+02,6.531510666066707351e-04,6.531510666066707351e-04,1.985189265762102195e+00,1.985189265762102195e+00,5.310177360309071767e-06,5.310177360309071767e-06
2.458434888078877236e+02,2.458434888078877236e+02,6.584612439669798069e-04,6.584612439669798069e-04,1.985240863944511602e+00,1.985240863944511602e+00,5.310195697660565796e-06,5.310195697660565796e-06
2.478287296718322352e+02,2.478287296718322352e+02,6.637714396646403727e-04,6.637714396646403727e-04,1.985277182106273131e+00,1.985277182106273131e+00,5.310167499631909815e-06,5.310167499631909815e-06
2.498140068539385084e+02,2.498140068539385084e+02,6.690816071642722825e-04,6.690816071642722825e-04,1.985328781132608356e+00,1.985328781132608356e+00,5.310185836815894608e-06,5.310185836815894608e-06
2.517993356350711167e+02,2.517993356350711167e+02,6.743917930010881771e-04,6.743917930010881771e-04,1.985365099791692955e+00,1.985365099791692955e+00,5.310157638670036373e-06,5.310157638670036373e-06
2.537847007348628097e+02,2.537847007348628097e+02,6.797019506397582135e-04,6.797019506397582135e-04,1.985416699661783468e+00,1.985416699661783468e+00,5.310175975464358905e-06,5.310175975464358905e-06
2.557701174345245931e+02,2.557701174345245931e+02,6.850121266152225724e-04,6.850121266152225724e-04,1.985453018818134296e+00,1.985453018818134296e+00,5.310147777423343020e-06,5.310147777423343020e-06
2.577555704533427274e+02,2.577555704533427274e+02,6.903222743926459154e-04,6.903222743926459154e-04,1.985474080724827672e+00,1.985474080724827672e+00,5.310166113828328552e-06,5.310166113828328552e-06
2.597410445340675551e+02,2.597410445340675551e+02,6.956324405064742439e-04,6.956324405064742439e-04,1.985556220678802219e+00,1.985556220678802219e+00,5.310184449569457094e-06,5.310184449569457094e-06
2.617266007547463573e+02,2.617266007547463573e+02,7.009426249560437010e-04,7.009426249560437010e-04,1.985577271188844861e+00,1.985577271188844861e+00,5.310156251660388613e-06,5.310156251660388613e-06
2.637121780259352022e+02,2.637121780259352022e+02,7.062527812077040897e-04,7.062527812077040897e-04,1.985598333886230193e+00,1.985598333886230193e+00,5.310174587011963314e-06,5.310174587011963314e-06
2.656977763598214324e+02,2.656977763598214324e+02,7.115629557947160530e-04,7.115629557947160530e-04,1.985680475603146533e+00,1.985680475603146533e+00,5.310192922143878655e-06,5.310192922143878655e-06
2.676834568354245789e+02,2.676834568354245789e+02,7.168731487168599316e-04,7.168731487168599316e-04,1.985701526627167368e+00,1.985701526627167368e+00,5.310164723922776789e-06,5.310164723922776789e-06
2.696691583620517463e+02,2.696691583620517463e+02,7.221833134407827084e-04,7.221833134407827084e-04,1.985722590115244657e+00,1.985722590115244657e+00,5.310183058665246709e-06,5.310183058665246709e-06
2.716548809521669909e+02,2.716548809521669909e+02,7.274934964994479551e-04,7.274934964994479551e-04,1.985804720871385598e+00,1.985804720871385598e+00,5.310154860548878773e-06,5.310154860548878773e-06
2.736406856730383765e+02,2.736406856730383765e+02,7.328036513599968339e-04,7.328036513599968339e-04,1.985825785041072322e+00,1.985825785041072322e+00,5.310173194901794853e-06,5.310173194901794853e-06
2.756265114580794489e+02,2.756265114580794489e+02,7.381138245548986287e-04,7.381138245548986287e-04,1.985877389585368746e+00,1.985877389585368746e+00,5.310191528590962363e-06,5.310191528590962363e-06
2.776123888476648176e+02,2.776123888476648176e+02,7.434240160834895911e-04,7.434240160834895911e-04,1.985898441296626515e+00,1.985898441296626515e+00,5.310163330606758672e-06,5.310163330606758672e-06
2.795982872889614441e+02,2.795982872889614441e+02,7.487341794140963498e-04,7.487341794140963498e-04,1.985980587112294415e+00,1.985980587112294415e+00,5.310181663906480762e-06,5.310181663906480762e-06
2.815842678760737385e+02,2.815842678760737385e+02,7.540443610780028305e-04,7.540443610780028305e-04,1.985971098569109472e+00,1.985971098569109472e+00,5.310153466026902580e-06,5.310153466026902580e-06
2.835702389746428480e+02,2.835702389746428480e+02,7.593545145440297331e-04,7.593545145440297331e-04,1.986053245390621669e+00,1.986053245390621669e+00,5.310171799159115434e-06,5.310171799159115434e-06
2.855562922200334697e+02,2.855562922200334697e+02,7.646646863431888486e-04,7.646646863431888486e-04,1.986074311141521775e+00,1.986074311141521775e+00,5.310190131405968794e-06,5.310190131405968794e-06
2.875423665311749915e+02,2.875423665311749915e+02,7.699748764745948174e-04,7.699748764745948174e-04,1.986125904777964024e+00,1.986125904777964024e+00,5.310161933658338017e-06,5.310161933658338017e-06
2.895284924359529555e+02,2.895284924359529555e+02,7.752850384082531554e-04,7.752850384082531554e-04,1.986177512286531055e+00,1.986177512286531055e+00,5.310180265737465301e-06,5.310180265737465301e-06
2.915146699482394865e+02,2.915146699482394865e+02,7.805952186739906207e-04,7.805952186739906207e-04,1.986198578828066275e+00,1.986198578828066275e+00,5.310198597374997040e-06,5.310198597374997040e-06
2.935008685270675528e+02,2.935008685270675528e+02,7.859054172713656177e-04,7.859054172713656177e-04,1.986250159726751008e+00,1.986250159726751008e+00,5.310123870060383042e-06,5.310123870060383042e-06
2.954871186867943038e+02,2.954871186867943038e+02,7.912155411414260008e-04,7.912155411414260008e-04,1.986301782157795515e+00,1.986301782157795515e+00,5.310188730810725712e-06,5.310188730810725712e-06
2.974734204689520993e+02,2.974734204689520993e+02,7.965257298722367265e-04,7.965257298722367265e-04,1.986322835567591483e+00,1.986322835567591483e+00,5.310160532856120739e-06,5.310160532856120739e-06
2.994597433045196908e+02,2.994597433045196908e+02,8.018358904050928472e-04,8.018358904050928472e-04,1.986374431019953590e+00,1.986374431019953590e+00,5.310132335200863987e-06,5.310132335200863987e-06
3.014461177355396444e+02,3.014461177355396444e+02,8.071460227402937112e-04,8.071460227402937112e-04,1.986426055004415048e+00,1.986426055004415048e+00,5.310197194600724431e-06,5.310197194600724431e-06
3.034325437905440594e+02,3.034325437905440594e+02,8.124562199348944356e-04,8.124562199348944356e-04,1.986477651462450922e+00,1.986477651462450922e+00,5.310168996334302914e-06,5.310168996334302914e-06
3.054190214420065104e+02,3.054190214420065104e+02,8.177663889312287385e-04,8.177663889312287385e-04,1.986498705542828702e+00,1.986498705542828702e+00,5.310140798811101986e-06,5.310140798811101986e-06
3.074055201475493391e+02,3.074055201475493391e+02,8.230765297300398405e-04,8.230765297300398405e-04,1.986550331080479737e+00,1.986550331080479737e+00,5.310205656416716255e-06,5.310205656416716255e-06
3.093920704786298188e+02,3.093920704786298188e+02,8.283867353864565568e-04,8.283867353864565568e-04,1.986571385518232091e+00,1.986571385518232091e+00,5.310177458282350563e-06,5.310177458282350563e-06
3.113786418641480509e+02,3.113786418641480509e+02,8.336969128447389073e-04,8.336969128447389073e-04,1.986653526153645544e+00,1.986653526153645544e+00,5.310149260447333090e-06,5.310149260447333090e-06
3.133652953903016964e+02,3.133652953903016964e+02,8.390070621051862404e-04,8.390070621051862404e-04,1.986644066879364345e+00,1.986644066879364345e+00,5.310214116480745788e-06,5.310214116480745788e-06
3.153519394571810608e+02,3.153519394571810608e+02,8.443172762216669862e-04,8.443172762216669862e-04,1.986726208520565251e+00,1.986726208520565251e+00,5.310185918478327501e-06,5.310185918478327501e-06
3.173386656657016260e+02,3.173386656657016260e+02,8.496274621401453137e-04,8.496274621401453137e-04,1.986747263628672044e+00,1.986747263628672044e+00,5.310157720331818744e-06,5.310157720331818744e-06
3.193254129293302981e+02,3.193254129293302981e+02,8.549376198604771325e-04,8.549376198604771325e-04,1.986798862399950849e+00,1.986798862399950849e+00,5.310129522928313736e-06,5.310129522928313736e-06
3.213122117917302489e+02,3.213122117917302489e+02,8.602477493834054462e-04,8.602477493834054462e-04,1.986850491547215825e+00,1.986850491547215825e+00,5.310194376972865969e-06,5.310194376972865969e-06
3.232990622832774648e+02,3.232990622832774648e+02,8.655579437603783122e-04,8.655579437603783122e-04,1.986871547169414498e+00,1.986871547169414498e+00,5.310166179180132381e-06,5.310166179180132381e-06
3.252859338304468793e+02,3.252859338304468793e+02,8.708681099395584446e-04,8.708681099395584446e-04,1.986923146940739571e+00,1.986923146940739571e+00,5.310137981465027669e-06,5.310137981465027669e-06
3.272728569773876188e+02,3.272728569773876188e+02,8.761782479210234722e-04,8.761782479210234722e-04,1.986974777641364653e+00,1.986974777641364653e+00,5.310202834159206096e-06,5.310202834159206096e-06
3.292598317550289835e+02,3.292598317550289835e+02,8.814884507551826783e-04,8.814884507551826783e-04,1.987026378418534023e+00,1.987026378418534023e+00,5.310174636054872804e-06,5.310174636054872804e-06
3.312468581334475175e+02,3.312468581334475175e+02,8.867986253912375511e-04,8.867986253912375511e-04,1.987047434711030292e+00,1.987047434711030292e+00,5.310146438471823917e-06,5.310146438471823917e-06
3.332339055681585478e+02,3.332339055681585478e+02,8.921087718297093750e-04,8.921087718297093750e-04,1.987099066964844951e+00,1.987099066964844951e+00,5.310211289372081429e-06,5.310211289372081429e-06
3.352210046351233927e+02,3.352210046351233927e+02,8.974189831190814565e-04,8.974189831190814565e-04,1.987120123615000011e+00,1.987120123615000011e+00,5.310183091399695542e-06,5.310183091399695542e-06
3.372081247587383928e+02,3.372081247587383928e+02,9.027291662104811520e-04,9.027291662104811520e-04,1.987171725386474463e+00,1.987171725386474463e+00,5.310154893283110765e-06,5.310154893283110765e-06
3.391952964841248672e+02,3.391952964841248672e+02,9.080393211037642628e-04,9.080393211037642628e-04,1.987223327476613122e+00,1.987223327476613122e+00,5.310126695909638157e-06,5.310126695909638157e-06
3.411825198116014803e+02,3.411825198116014803e+02,9.133494477996739009e-04,9.133494477996739009e-04,1.987274961786567928e+00,1.987274961786567928e+00,5.310191545265124415e-06,5.310191545265124415e-06
3.431697947733880483e+02,3.431697947733880483e+02,9.186596393449390253e-04,9.186596393449390253e-04,1.987296019106963740e+00,1.987296019106963740e+00,5.310163347280487042e-06,5.310163347280487042e-06
3.451570907924950120e+02,3.451570907924950120e+02,9.239698026922195124e-04,9.239698026922195124e-04,1.987347654467498614e+00,1.987347654467498614e+00,5.310228195258494439e-06,5.310228195258494439e-06
3.471444384469625106e+02,3.471444384469625106e+02,9.292800308874780068e-04,9.292800308874780068e-04,1.987399225790113633e+00,1.987399225790113633e+00,5.310106951715944969e-06,5.310106951715944969e-06
3.491318376727526243e+02,3.491318376727526243e+02,9.345901378391939518e-04,9.345901378391939518e-04,1.987420315894667056e+00,1.987420315894667056e+00,5.310171799526334710e-06,5.310171799526334710e-06
3.511192579886472913e+02,3.511192579886472913e+02,9.399003096387202865e-04,9.399003096387202865e-04,1.987471952808448350e+00,1.987471952808448350e+00,5.310236645932357377e-06,5.310236645932357377e-06
3.531067299414557397e+02,3.531067299414557397e+02,9.452105462846526439e-04,9.452105462846526439e-04,1.987523524577966327e+00,1.987523524577966327e+00,5.310115403560312572e-06,5.310115403560312572e-06
3.550942534660337060e+02,3.550942534660337060e+02,9.505206616882129565e-04,9.505206616882129565e-04,1.987544615749698096e+00,1.987544615749698096e+00,5.310180249798934424e-06,5.310180249798934424e-06
3.570817980817834041e+02,3.570817980817834041e+02,9.558308419380118909e-04,9.558308419380118909e-04,1.987596220839975558e+00,1.987596220839975558e+00,5.310152051934318232e-06,5.310152051934318232e-06
3.590693943026233796e+02,3.590693943026233796e+02,9.611409939899462091e-04,9.611409939899462091e-04,1.987647859809726469e+00,1.987647859809726469e+00,5.310216896573741879e-06,5.310216896573741879e-06
3.610570421624331061e+02,3.610570421624331061e+02,9.664512108865199510e-04,9.664512108865199510e-04,1.987699465905734542e+00,1.987699465905734542e+00,5.310188698319897108e-06,5.310188698319897108e-06
3.630447416283388407e+02,3.630447416283388407e+02,9.717613995848398481e-04,9.717613995848398481e-04,1.987720524924156962e+00,1.987720524924156962e+00,5.310160500365725816e-06,5.310160500365725816e-06
3.650324621532629976e+02,3.650324621532629976e+02,9.770715600852055739e-04,9.770715600852055739e-04,1.987772131332974368e+00,1.987772131332974368e+00,5.310132302710794325e-06,5.310132302710794325e-06
3.670202342845959720e+02,3.670202342845959720e+02,9.823816923879163682e-04,9.823816923879163682e-04,1.987793224638835454e+00,1.987793224638835454e+00,5.310197145805663557e-06,5.310197145805663557e-06
3.690080275092348074e+02,3.690080275092348074e+02,9.876918895337220318e-04,9.876918895337220318e-04,1.987844831729148609e+00,1.987844831729148609e+00,5.310168947761503486e-06,5.310168947761503486e-06
3.709958723409639560e+02,3.709958723409639560e+02,9.930020584814835353e-04,9.930020584814835353e-04,1.987896439137898597e+00,1.987896439137898597e+00,5.310140749795189130e-06,5.310140749795189130e-06
3.729837687801018546e+02,3.729837687801018546e+02,9.983121992312787244e-04,9.983121992312787244e-04,1.987948081717206605e+00,1.987948081717206605e+00,5.310205591317965212e-06,5.310205591317965212e-06
3.749717168618190613e+02,3.749717168618190613e+02,1.003622404822596690e-03,1.003622404822596690e-03,1.987969141763301195e+00,1.987969141763301195e+00,5.310177393184250041e-06,5.310177393184250041e-06
3.769596860035823624e+02,3.769596860035823624e+02,1.008932582215780940e-03,1.008932582215780940e-03,1.988020750172040607e+00,1.988020750172040607e+00,5.310149195349991511e-06,5.310149195349991511e-06
3.789477067537544031e+02,3.789477067537544031e+02,1.014242731411130931e-03,1.014242731411130931e-03,1.988072394304651880e+00,1.988072394304651880e+00,5.310214035301108124e-06,5.310214035301108124e-06
3.809357791480590549e+02,3.809357791480590549e+02,1.019552945446432039e-03,1.019552945446432039e-03,1.988093454864497289e+00,1.988093454864497289e+00,5.310185836855793248e-06,5.310185836855793248e-06
3.829238726029235522e+02,3.829238726029235522e+02,1.024863131283287833e-03,1.024863131283287833e-03,1.988145064273339813e+00,1.988145064273339813e+00,5.310157638931979618e-06,5.310157638931979618e-06
3.849120176671968920e+02,3.849120176671968920e+02,1.030173288922219812e-03,1.030173288922219812e-03,1.988196674000676012e+00,1.988196674000676012e+00,5.310129441529233552e-06,5.310129441529233552e-06
3.869002143411975680e+02,3.869002143411975680e+02,1.035483418363749046e-03,1.035483418363749046e-03,1.988248320189143215e+00,1.988248320189143215e+00,5.310194279492140221e-06,5.310194279492140221e-06
3.888884626613867113e+02,3.888884626613867113e+02,1.040793612643241186e-03,1.040793612643241186e-03,1.988269381419286219e+00,1.988269381419286219e+00,5.310166081256726886e-06,5.310166081256726886e-06
3.908767320428059975e+02,3.908767320428059975e+02,1.046103778724497913e-03,1.046103778724497913e-03,1.988320992146555000e+00,1.988320992146555000e+00,5.310137883764425720e-06,5.310137883764425720e-06
3.928650530349525525e+02,3.928650530349525525e+02,1.051413916608262339e-03,1.051413916608262339e-03,1.988342090061507861e+00,1.988342090061507861e+00,5.310202720155456080e-06,5.310202720155456080e-06
3.948533951250140603e+02,3.948533951250140603e+02,1.056724119328417795e-03,1.056724119328417795e-03,1.988393701470329233e+00,1.988393701470329233e+00,5.310174522274143175e-06,5.310174522274143175e-06
3.968417888264843896e+02,3.968417888264843896e+02,1.062034293850691938e-03,1.062034293850691938e-03,1.988445313197473752e+00,1.988445313197473752e+00,5.310146324248631380e-06,5.310146324248631380e-06
3.988302341396818633e+02,3.988302341396818633e+02,1.067344440174940569e-03,1.067344440174940569e-03,1.988496962492263265e+00,1.988496962492263265e+00,5.310211159067785430e-06,5.310211159067785430e-06
4.008187311021741266e+02,4.008187311021741266e+02,1.072654651334008355e-03,1.072654651334008355e-03,1.988518024750305813e+00,1.988518024750305813e+00,5.310182961096917426e-06,5.310182961096917426e-06
4.028072491269244324e+02,4.028072491269244324e+02,1.077964834295105272e-03,1.077964834295105272e-03,1.988569637477496599e+00,1.988569637477496599e+00,5.310154763203461456e-06,5.310154763203461456e-06
4.047958187644019290e+02,4.047958187644019290e+02,1.083274989058308733e-03,1.083274989058308733e-03,1.988621250523067374e+00,1.988621250523067374e+00,5.310126565387851202e-06,5.310126565387851202e-06
4.067844400149249964e+02,4.067844400149249964e+02,1.088585115623696585e-03,1.088585115623696585e-03,1.988642350912755319e+00,1.988642350912755319e+00,5.310191398662667678e-06,5.310191398662667678e-06
4.087730823658377517e+02,4.087730823658377517e+02,1.093895307022359252e-03,1.093895307022359252e-03,1.988693964639935530e+00,1.988693964639935530e+00,5.310163200679873449e-06,5.310163200679873449e-06
4.107617763304776872e+02,4.107617763304776872e+02,1.099205470223039126e-03,1.099205470223039126e-03,1.988745617041217884e+00,1.988745617041217884e+00,5.310228032577536325e-06,5.310228032577536325e-06
4.127505219475189051e+02,4.127505219475189051e+02,1.104515698255616662e-03,1.104515698255616662e-03,1.988766641786639866e+00,1.988766641786639866e+00,5.310106805118258722e-06,5.310106805118258722e-06
4.147392885893055450e+02,4.147392885893055450e+02,1.109825805060734921e-03,1.109825805060734921e-03,1.988848846478731502e+00,1.988848846478731502e+00,5.310171636405298934e-06,5.310171636405298934e-06
4.167281374357842765e+02,4.167281374357842765e+02,1.115135976697140220e-03,1.115135976697140220e-03,1.988839397214235305e+00,1.988839397214235305e+00,5.310236466731302341e-06,5.310236466731302341e-06
4.187169768329985118e+02,4.187169768329985118e+02,1.120446213163871522e-03,1.120446213163871522e-03,1.988921525463354101e+00,1.988921525463354101e+00,5.310115240664574007e-06,5.310115240664574007e-06
4.207058983584618659e+02,4.207058983584618659e+02,1.125756328404536096e-03,1.125756328404536096e-03,1.988942628327663442e+00,1.988942628327663442e+00,5.310180070601782515e-06,5.310180070601782515e-06
4.226948409867895293e+02,4.226948409867895293e+02,1.131066508475137879e-03,1.131066508475137879e-03,1.988994244373202491e+00,1.988994244373202491e+00,5.310151872739117887e-06,5.310151872739117887e-06
4.246838352311627318e+02,4.246838352311627318e+02,1.136376660347876997e-03,1.136376660347876997e-03,1.989015347963800195e+00,1.989015347963800195e+00,5.310216701077561871e-06,5.310216701077561871e-06
4.266728505791265320e+02,4.266728505791265320e+02,1.141686877048954558e-03,1.141686877048954558e-03,1.989097517272568894e+00,1.989097517272568894e+00,5.310188502825668663e-06,5.310188502825668663e-06
4.286619480963991009e+02,4.286619480963991009e+02,1.146997065551780227e-03,1.146997065551780227e-03,1.989118581898253524e+00,1.989118581898253524e+00,5.310160304873665776e-06,5.310160304873665776e-06
4.306510666782973544e+02,4.306510666782973544e+02,1.152307225856653893e-03,1.152307225856653893e-03,1.989139646356477442e+00,1.989139646356477442e+00,5.310132107442513613e-06,5.310132107442513613e-06
4.326402063246538319e+02,4.326402063246538319e+02,1.157617357964096406e-03,1.157617357964096406e-03,1.989221857166228347e+00,1.989221857166228347e+00,5.310196933793181334e-06,5.310196933793181334e-06
4.346294281818200602e+02,4.346294281818200602e+02,1.162927554897889588e-03,1.162927554897889588e-03,1.989242922305891170e+00,1.989242922305891170e+00,5.310168735973451112e-06,5.310168735973451112e-06
4.366186711041259514e+02,4.366186711041259514e+02,1.168237723633863039e-03,1.168237723633863039e-03,1.989263987277524848e+00,1.989263987277524848e+00,5.310140538009088321e-06,5.310140538009088321e-06
4.386079350914034762e+02,4.386079350914034762e+02,1.173547864171872127e-03,1.173547864171872127e-03,1.989346200126874464e+00,1.989346200126874464e+00,5.310205363231968942e-06,5.310205363231968942e-06
4.405972812915303507e+02,4.405972812915303507e+02,1.178858069535104096e-03,1.178858069535104096e-03,1.989367265780117577e+00,1.989367265780117577e+00,5.310177165100639016e-06,5.310177165100639016e-06
4.425866485573104683e+02,4.425866485573104683e+02,1.184168246700204735e-03,1.184168246700204735e-03,1.989418885143777516e+00,1.989418885143777516e+00,5.310148967268982570e-06,5.310148967268982570e-06
4.445760674424542458e+02,4.445760674424542458e+02,1.189478395667473718e-03,1.189478395667473718e-03,1.989439992276118119e+00,1.989439992276118119e+00,5.310213790919986881e-06,5.310213790919986881e-06
4.465655074347303639e+02,4.465655074347303639e+02,1.194788609458393705e-03,1.194788609458393705e-03,1.989491570646407581e+00,1.989491570646407581e+00,5.310092572009860248e-06,5.310092572009860248e-06
4.485549990053767715e+02,4.485549990053767715e+02,1.200098702030403565e-03,1.200098702030403565e-03,1.989543274359562020e+00,1.989543274359562020e+00,5.310250415245954675e-06,5.310250415245954675e-06
4.505445422797363335e+02,4.505445422797363335e+02,1.205408952445649520e-03,1.205408952445649520e-03,5.426258034641477934e-01,5.426258034641477934e-01,1.448228306403327378e-06,1.448228306403327378e-06
