Sigma_1,Sigma_2,Epsilon_1,Epsilon_2,dSigma_1,dSigma_2,dEpsilon_1,dEpsilon_2
-0.000000000000000000e+00,-0.000000000000000000e+00,0.000000000000000000e+00,0.000000000000000000e+00,-1.368572970979610020e-06,9.899982906637615487e-01,-1.689598656830500860e-06,4.344668943863399090e-06
-1.368572970979610020e-06,9.899982906637615487e-01,-1.689598656830500860e-06,4.344668943863399090e-06,1.368573411212080021e-06,9.900122575870363706e-01,-1.689601511467922352e-06,4.344702454325611213e-06
4.402324700478824235e-13,1.980010548250797919e+00,-3.379200168298423212e-06,8.689371398189010303e-06,2.196835317687063604e-13,9.900131709422266280e-01,-1.689599818840477194e-06,4.344685396933901315e-06
6.599160018165887839e-13,2.970023719193024547e+00,-5.068799987138900405e-06,1.303405679512291162e-05,2.200130703937715997e-13,9.900184354318137814e-01,-1.689600126946063509e-06,4.344686165557684574e-06
8.799290722103603836e-13,3.960042154624838329e+00,-6.758400114084963914e-06,1.737874296068059619e-05,2.198485541412164141e-13,9.900236998765739038e-01,-1.689600071225229272e-06,4.344686206243036865e-06
1.099777626351576798e-12,4.950065854501412232e+00,-8.448000185310193186e-06,2.172342916692363306e-05,2.201975550299360753e-13,9.900289642779549482e-01,-1.689600015721336266e-06,4.344686247289924840e-06
1.319975181381512873e-12,5.940094818779367181e+00,-1.013760020103152945e-05,2.606811541421355790e-05,2.187868660432817975e-13,9.900337517641135676e-01,-1.689599959879266203e-06,4.344683377338022300e-06
1.538762047424794670e-12,6.930128570543480748e+00,-1.182720016091079565e-05,3.041279879155158020e-05,2.211285897285938841e-13,9.900394929571234570e-01,-1.689599176715157823e-06,4.344687783712359295e-06
1.759890637153388555e-12,7.920168063500604205e+00,-1.351679933762595348e-05,3.475748657526393949e-05,2.188630761489075200e-13,9.900447571923258749e-01,-1.689600576273912099e-06,4.344683458606622142e-06
1.978753713302296075e-12,8.910212820692930080e+00,-1.520639991389986558e-05,3.910217003387056163e-05,2.210272240228164961e-13,9.900500214576162250e-01,-1.689600520530009766e-06,4.344687864555901063e-06
2.199780937325112571e-12,9.900262842150546305e+00,-1.689600043442987534e-05,4.344685789842646270e-05,2.204380481565430886e-13,9.900548087374598794e-01,-1.689599009695659683e-06,4.344683539545058704e-06
2.420218985481655659e-12,1.089031765088800618e+01,-1.858559944412553502e-05,4.779154143797152140e-05,2.180948451875660943e-13,9.900605497479197936e-01,-1.689600409135448182e-06,4.344685035104431663e-06
2.638313830669221754e-12,1.188037820063592598e+01,-2.027519985326098321e-05,5.213622647307595306e-05,2.218909224666730466e-13,9.900662907255259881e-01,-1.689600353487253796e-06,4.344686530118220535e-06
2.860204753135894800e-12,1.287044449136145197e+01,-2.196480020674823700e-05,5.648091300319417360e-05,2.203692681066776270e-13,9.900710778976264947e-01,-1.689600297833950107e-06,4.344685115312962994e-06
3.080574021242572427e-12,1.386051556925907846e+01,-2.365440050458218711e-05,6.082559811850713659e-05,2.194358946452812195e-13,9.900758651022361079e-01,-1.689600242064518202e-06,4.344689520742089147e-06
3.300009915887853647e-12,1.485059143436131457e+01,-2.534400074664670531e-05,6.517028763924922574e-05,2.201900626554381923e-13,9.900816058264254593e-01,-1.689600186401006072e-06,4.344682285042399182e-06
3.520199978543291839e-12,1.584067304018774003e+01,-2.703360093304771138e-05,6.951496992429162492e-05,2.180356561646467794e-13,9.900873466877424534e-01,-1.689600130621358949e-06,4.344686690293804270e-06
3.738235634707938618e-12,1.683076038687548248e+01,-2.872320106366907033e-05,7.385965661458542919e-05,2.222534867403761539e-13,9.900911799233540478e-01,-1.689600074947634990e-06,4.344685275183709735e-06
3.960489121448314772e-12,1.782085156679883653e+01,-3.041280113861670532e-05,7.820434188976913893e-05,2.199881268612313846e-13,9.900978743517114822e-01,-1.689600019268808505e-06,4.344683859565978191e-06
4.180477248309546157e-12,1.881094944115054801e+01,-3.210240115788551383e-05,8.254902574933511712e-05,2.213860437046650771e-13,9.901026613518837394e-01,-1.689599963473843638e-06,4.344688264500267696e-06
4.401863292014211234e-12,1.980105210250243175e+01,-3.379200112135935746e-05,8.689371401383538481e-05,2.188986143117321479e-13,9.901074481944078798e-01,-1.689599907784795159e-06,4.344686848926880020e-06
4.620761906325943382e-12,2.079115955069683963e+01,-3.548160102914415262e-05,9.123840086276226483e-05,2.193419472609853399e-13,9.901122349830231428e-01,-1.689599851979628627e-06,4.344685433511934940e-06
4.840103853586928722e-12,2.178127178567986277e+01,-3.717120088112378125e-05,9.558308629627419977e-05,2.198518887521026433e-13,9.901189292569192446e-01,-1.689599796280375095e-06,4.344684017589407060e-06
5.059955742339031365e-12,2.277139071493678202e+01,-3.886080067740415634e-05,9.992777031386360683e-05,2.204728020887443088e-13,9.901237160925298042e-01,-1.689599740576012261e-06,4.344688422117717061e-06
5.280428544427775674e-12,2.376151443102931182e+01,-4.055040041798016861e-05,1.042724587359813239e-04,2.212047298871238249e-13,9.901285026034116754e-01,-1.689599684755524597e-06,4.344681186194417175e-06
5.501633274314899499e-12,2.475164293363272350e+01,-4.224000010273569320e-05,1.086171399221757411e-04,2.167410818338854702e-13,9.901332893426761927e-01,-1.689599629040943157e-06,4.344685590545067097e-06
5.718374356148784969e-12,2.574177622297539969e+01,-4.392959973177663636e-05,1.129618255127208082e-04,2.231126954379969268e-13,9.901399836176878466e-01,-1.689599573210250440e-06,4.344689994534244016e-06
5.941487051586781896e-12,2.673191620659308754e+01,-4.561919930498688680e-05,1.173065155072550522e-04,2.196928331152119710e-13,9.901447699775935973e-01,-1.689599517485457171e-06,4.344682758445576193e-06
6.161179884701993867e-12,2.772206097657068113e+01,-4.730879882247234397e-05,1.216511982657006284e-04,2.198473841518166560e-13,9.901495566004605564e-01,-1.689602372236818147e-06,4.344687162479096980e-06
6.381027268853810523e-12,2.871221053317114169e+01,-4.899840119470916212e-05,1.259958854281797254e-04,2.183366843325228428e-13,9.901543431866741685e-01,-1.689596495428304307e-06,4.344691566151198973e-06
6.599363953186333366e-12,2.970236487635781586e+01,-5.068799769013746642e-05,1.303405769943309243e-04,2.196239111146171336e-13,9.901610369845670334e-01,-1.689605171151604610e-06,4.344684329897149661e-06
6.818987864300950499e-12,3.069252591334238289e+01,-5.237760286128907103e-05,1.346852613242280740e-04,2.177136885880034192e-13,9.901658231222896234e-01,-1.689596383827051437e-06,4.344677093655406044e-06
7.036701552888953918e-12,3.168269173646467252e+01,-5.406719924511612247e-05,1.390299384178834800e-04,2.228196505882468407e-13,9.901706099493061686e-01,-1.689599238567814337e-06,4.344693137019173517e-06
7.259521203477200759e-12,3.267286234641397868e+01,-5.575679848368393681e-05,1.433746315549026536e-04,2.191332555663438650e-13,9.901753959907040326e-01,-1.689602093318226636e-06,4.344685900599783374e-06
7.478654459043544624e-12,3.366303774240468272e+01,-5.744640057700216344e-05,1.477193174555024369e-04,2.218411255310427185e-13,9.901801819608735400e-01,-1.689599127056787416e-06,4.344678664192671820e-06
7.700495584574587343e-12,3.465321792436555626e+01,-5.913599970405895086e-05,1.520639961196951087e-04,2.205525086715631018e-13,9.901887839833847238e-01,-1.689601981695791166e-06,4.344694707087630274e-06
7.921048093246150444e-12,3.564340670834894098e+01,-6.082560168575474203e-05,1.564086908267827390e-04,2.185537469928921748e-13,9.901897541535404912e-01,-1.689599015303278680e-06,4.344675830797559320e-06
8.139601840239042619e-12,3.663359646250248147e+01,-6.251520070105802071e-05,1.607533666575802983e-04,2.164216037253283664e-13,9.901983561359060104e-01,-1.689601870163967893e-06,4.344691873635732685e-06
8.356023443964370986e-12,3.762379481863838748e+01,-6.420480257122198860e-05,1.650980585312160310e-04,2.239695444993741816e-13,9.902031419235015619e-01,-1.689598903640361811e-06,4.344684636752439537e-06
8.579992988463745167e-12,3.861399796056188904e+01,-6.589440147486235041e-05,1.694427431679684706e-04,2.176190012711187780e-13,9.902079281007871714e-01,-1.689595937318986540e-06,4.344689039657102575e-06
8.797611989734863945e-12,3.960420588866267622e+01,-6.758399741218133695e-05,1.737874322076255731e-04,2.250784476138468696e-13,9.902127137690186487e-01,-1.689604613249769257e-06,4.344681802919255148e-06
9.022690437348710815e-12,4.059441860243169486e+01,-6.927360202543110621e-05,1.781321140105448283e-04,2.188162133033473755e-13,9.902174998499404523e-01,-1.689595825615588273e-06,4.344686205424254160e-06
9.241506650652058190e-12,4.158463610228163532e+01,-7.096319785104669448e-05,1.824768002159690824e-04,2.170395061028631986e-13,9.902222858942408834e-01,-1.689604501454661039e-06,4.344690608011842273e-06
9.458546156754921389e-12,4.257485838817587620e+01,-7.265280235250135552e-05,1.868214908239809247e-04,2.229447200560510948e-13,9.902308868214149129e-01,-1.689595714002815755e-06,4.344683371108681120e-06
9.681490876810972484e-12,4.356508927499729111e+01,-7.434239806650417128e-05,1.911661741950896058e-04,2.216117134230508464e-13,9.902318568409285149e-01,-1.689604389861173767e-06,4.344676134217879872e-06
9.903102590234023330e-12,4.455532113183821963e+01,-7.603200245636534504e-05,1.955108503293074857e-04,2.256962677172030115e-13,9.902404587188442520e-01,-1.689595602147547868e-06,4.344692175617750635e-06
1.012879885795122634e-11,4.554556159055706388e+01,-7.772159805851289291e-05,1.998555425049252363e-04,2.140166259205821490e-13,9.902452446266210018e-01,-1.689604278136240534e-06,4.344696577526899238e-06
1.034281548387180849e-11,4.653580683518368488e+01,-7.941120233664913344e-05,2.042002390824521356e-04,2.151262958633388208e-13,9.902500293916602914e-01,-1.689595490493928033e-06,4.344677701442555646e-06
1.055794177973514731e-11,4.752605686457534517e+01,-8.110079782714306148e-05,2.085449167838946912e-04,2.208097868921091115e-13,9.902548151800445453e-01,-1.689604166390870090e-06,4.344682103275213786e-06
1.077875156662725642e-11,4.851631167975538972e+01,-8.279040199353393157e-05,2.128895988871699050e-04,2.247605804007877023e-13,9.902596009318003212e-01,-1.689595378708835132e-06,4.344686505190461026e-06
1.100351214702804413e-11,4.950657128068719004e+01,-8.447999737224276670e-05,2.172342853923603660e-04,2.217404477147229989e-13,9.902643866468707756e-01,-1.689604054736111843e-06,4.344690906744370787e-06
1.122525259474276712e-11,5.049683566733406082e+01,-8.616960142697887854e-05,2.215789762991047368e-04,2.167664228864134337e-13,9.902691711270676933e-01,-1.689601088092023795e-06,4.344672030709277079e-06
1.144201901762918056e-11,5.148710483846112851e+01,-8.785920251507090234e-05,2.259236483298140139e-04,2.173426943846015163e-13,9.902777735196934827e-01,-1.689598121650166557e-06,4.344699709757132884e-06
1.165936171201378207e-11,5.247738261198082199e+01,-8.954880063672106890e-05,2.302683480395711468e-04,2.219160082151681246e-13,9.902825579136589340e-01,-1.689600976396797702e-06,4.344680833645548712e-06
1.188127772022895020e-11,5.346766516989448093e+01,-9.123840161311786660e-05,2.346130288732166955e-04,2.195615439426202017e-13,9.902835278603490110e-01,-1.689598009934869171e-06,4.344685234844192527e-06
1.210083926417157040e-11,5.445794869775482994e+01,-9.292799962305273577e-05,2.389577141080608880e-04,2.229800519293131058e-13,9.902921289714825548e-01,-1.689600864570098542e-06,4.344689636125425442e-06
1.232381931610088351e-11,5.544824082672631249e+01,-9.461760048762283431e-05,2.433024037441863135e-04,2.154305955647164890e-13,9.902969131402628022e-01,-1.689597897977103522e-06,4.344670759879400200e-06
1.253924991166560000e-11,5.643853773986657529e+01,-9.630719838559993783e-05,2.476470745040657137e-04,2.248435492428741826e-13,9.903016998761913214e-01,-1.689606574081724505e-06,4.344698438148934371e-06
1.276409346090847418e-11,5.742883943974276661e+01,-9.799680495968166234e-05,2.519917729422146480e-04,2.181819418587116055e-13,9.903102996007078218e-01,-1.689597786230797954e-06,4.344679561826445772e-06
1.298227540276718578e-11,5.841914973934347444e+01,-9.968640274591246029e-05,2.563364525040410938e-04,2.168493320077398983e-13,9.903112692683109231e-01,-1.689600640976290685e-06,4.344683962530476555e-06
1.319912473477492568e-11,5.940946100861178536e+01,-1.013760033868887510e-04,2.606811364665715704e-04,2.136514864350518677e-13,9.903198702660915842e-01,-1.689591852954954658e-06,4.344688363539059728e-06
1.341277622120997755e-11,6.039978087887787694e+01,-1.030655952398437056e-04,2.650258248301106301e-04,2.271494016903463620e-13,9.903208398272198565e-01,-1.689606350365537328e-06,4.344692763742405948e-06
1.363992562290032391e-11,6.139010171870509680e+01,-1.047552015902092430e-04,2.693705175938530360e-04,2.228861783637443858e-13,9.903294393331947276e-01,-1.689597562435179415e-06,4.344673887691130523e-06
1.386281180126406830e-11,6.238043115803829153e+01,-1.064447991526444224e-04,2.737151914815441666e-04,2.202210044047967571e-13,9.903342259744292164e-01,-1.689600417179913205e-06,4.344701564719985042e-06
1.408303280566886505e-11,6.337076538401272074e+01,-1.081343995698243356e-04,2.780598930462641516e-04,2.279464769312632045e-13,9.903390096527360242e-01,-1.689603271934323500e-06,4.344682688370282968e-06
1.431097928260012826e-11,6.436110439366545677e+01,-1.098240028417586591e-04,2.824045757346344346e-04,2.095624635381916156e-13,9.903476105371424865e-01,-1.689594483934522438e-06,4.344687088662316926e-06
1.452054174613831987e-11,6.535145200420259926e+01,-1.115135973256931815e-04,2.867492628232967515e-04,2.225278656129345345e-13,9.903485798191695721e-01,-1.689597338557839138e-06,4.344691488593040510e-06
1.474306961175125441e-11,6.634180058402176883e+01,-1.132031946642510207e-04,2.910939543118897920e-04,2.208396815996067084e-13,9.903495474480479288e-01,-1.689600193301827539e-06,4.344672612330941971e-06
1.496390929335086112e-11,6.733215013146981676e+01,-1.148927948575528482e-04,2.954386269242207340e-04,2.211943385263843937e-13,9.903657798746650087e-01,-1.689603048166501194e-06,4.344677012407165487e-06
1.518510363187724551e-11,6.832251591134448176e+01,-1.165823979057193494e-04,2.997833039366278995e-04,2.165754358567940645e-13,9.903591188820541902e-01,-1.689605902818752539e-06,4.344704688195259040e-06
1.540167906773403958e-11,6.931287503022653596e+01,-1.182720038085381019e-04,3.041280086248231585e-04,2.212811379871321280e-13,9.903753497449656606e-01,-1.689597114729491246e-06,4.344685811818451912e-06
1.562296020572117170e-11,7.030325037997150162e+01,-1.199616009232675932e-04,3.084726944366416104e-04,2.191498883763520832e-13,9.903763170890016454e-01,-1.689599969472734258e-06,4.344666935605630362e-06
1.584211009409752379e-11,7.129362669706050326e+01,-1.216512008927403274e-04,3.128173613722472408e-04,2.145303222156152247e-13,9.903772876414080883e-01,-1.689602824225613117e-06,4.344694610874553706e-06
1.605664041631313901e-11,7.228400398470191135e+01,-1.233408037169659406e-04,3.171620559831217945e-04,2.230553908938011102e-13,9.903858866140353712e-01,-1.689594035955899924e-06,4.344675734585295903e-06
1.627969580720694012e-11,7.327438987131594672e+01,-1.250303977529218405e-04,3.215067317177070904e-04,2.401946551012469379e-13,9.903944889866096446e-01,-1.689596890688734596e-06,4.344703409595257557e-06
1.651989046230818706e-11,7.426478436030255637e+01,-1.267199946436105751e-04,3.258514351273023480e-04,1.997862206003153223e-13,9.903954560255385786e-01,-1.689599745431218667e-06,4.344684533007518897e-06
1.671967668290850238e-11,7.525517981632809494e+01,-1.284095943890417937e-04,3.301961196603098669e-04,2.198564598784459407e-13,9.904040566299414650e-01,-1.689602600183325032e-06,4.344688932171169443e-06
1.693953314278694832e-11,7.624558387295803641e+01,-1.300991969892251188e-04,3.345408085924810363e-04,2.280251874823786270e-13,9.904050234702879152e-01,-1.689605455056130204e-06,4.344670055931297049e-06
1.716755833026932695e-11,7.723598889642832432e+01,-1.317888024442812490e-04,3.388854786484123333e-04,2.159469761488609487e-13,9.904136258085287636e-01,-1.689596666585934477e-06,4.344697729959567847e-06
1.738350530641818790e-11,7.822640252223685309e+01,-1.334783991108671835e-04,3.432301763783719012e-04,2.235840684743063853e-13,9.904145924963216885e-01,-1.689599521438681909e-06,4.344678853865195384e-06
1.760708937489249428e-11,7.921681711473317478e+01,-1.351679986323058654e-04,3.475748552322370966e-04,2.163897051772752674e-13,9.904231929742621787e-01,-1.689602376079007030e-06,4.344683252229734720e-06
1.782347908006976955e-11,8.020724030770743695e+01,-1.368576010083848724e-04,3.519195384844668313e-04,2.188755289322742726e-13,9.904317934652766553e-01,-1.689593587761466969e-06,4.344687651120871050e-06
1.804235460900204382e-11,8.119767210117271361e+01,-1.385471945961463394e-04,3.562642261355877023e-04,2.254458670943158633e-13,9.904327618235555519e-01,-1.689608085702048318e-06,4.344692049428706612e-06
1.826780047609635969e-11,8.218810486299626916e+01,-1.402368026818483877e-04,3.606089181850164090e-04,2.031556846778678065e-13,9.904413603390764820e-01,-1.689599297253401109e-06,4.344673173161729164e-06
1.847095616077422749e-11,8.317854622333534564e+01,-1.419264019791017888e-04,3.649535913581781381e-04,2.274875915673388512e-13,9.904423305031002656e-01,-1.689602152003989591e-06,4.344700845949455836e-06
1.869844375234156634e-11,8.416898855383844591e+01,-1.436160041311057784e-04,3.692982922041275940e-04,2.208261056784290546e-13,9.904509289324039401e-01,-1.689593363495955208e-06,4.344681969606042134e-06
1.891926985801999540e-11,8.515943948277084985e+01,-1.453055974946017336e-04,3.736429741737336361e-04,2.213588814774416886e-13,9.904518970316473769e-01,-1.689607861514517799e-06,4.344686367780737669e-06
1.914062873949743709e-11,8.614989137980249723e+01,-1.469952053561162514e-04,3.779876605415143738e-04,2.246430377133599668e-13,9.904604973559827386e-01,-1.689599073097420873e-06,4.344690765594122830e-06
1.936527177721079705e-11,8.714035187715847997e+01,-1.486848044292136723e-04,3.823323513071084966e-04,2.160285902965851979e-13,9.904614632983737010e-01,-1.689590284519970446e-06,4.344671889560303060e-06
1.958130036750738225e-11,8.813081334045685367e+01,-1.503743947137336427e-04,3.866770231966687997e-04,2.174485557191291972e-13,9.904700635364633854e-01,-1.689604782476082992e-06,4.344676287297197757e-06
1.979874892322651145e-11,8.912128340399331705e+01,-1.520639994962097257e-04,3.910216994839659974e-04,2.190462962135765509e-13,9.904786637875560018e-01,-1.689595993989597127e-06,4.344680684894880896e-06
2.001779521944008800e-11,9.011176206778087305e+01,-1.537535954901993228e-04,3.953663801688608783e-04,2.273051982895236011e-13,9.904796337271193352e-01,-1.689598848729018327e-06,4.344708356423632005e-06
2.024510041772961160e-11,9.110224170150799239e+01,-1.554431943389283411e-04,3.997110885252845103e-04,1.978204991405677699e-13,9.904882318416383669e-01,-1.689601703367093729e-06,4.344689480014949333e-06
2.044292091687017937e-11,9.209272993334963076e+01,-1.571327960422954349e-04,4.040557780052994596e-04,2.363611720165351108e-13,9.904891973897207436e-01,-1.689604558236890239e-06,4.344670603770306450e-06
2.067928208888671448e-11,9.308321913073935150e+01,-1.588224006005323251e-04,4.084004486090697661e-04,2.258815501373001969e-13,9.904977997028936443e-01,-1.689595769559882948e-06,4.344698274558005373e-06
2.090516363902401468e-11,9.407371693044224514e+01,-1.605119963700922081e-04,4.127451468836277715e-04,2.216173544106838429e-13,9.904987650984509173e-01,-1.689598624409648824e-06,4.344679398236926237e-06
2.112678099343469852e-11,9.506421569554069606e+01,-1.622015949945018569e-04,4.170898262818646977e-04,2.123822776347104540e-13,9.905073674174644793e-01,-1.689601479046911074e-06,4.344707068543781497e-06
2.133916327106940898e-11,9.605472306295816054e+01,-1.638911964735487680e-04,4.214345333504084792e-04,2.211723762861746864e-13,9.905159653034303346e-01,-1.689604333804926341e-06,4.344688192146211898e-06
2.156033564735558366e-11,9.704523902826159087e+01,-1.655808008073536943e-04,4.257792215425546911e-04,2.272995551652055342e-13,9.905169304572325473e-01,-1.689595545159523543e-06,4.344669315912790507e-06
2.178763520252078920e-11,9.803575595871882342e+01,-1.672703963525132178e-04,4.301238908584674816e-04,2.130892924545859358e-13,9.905255327721391723e-01,-1.689598399786431662e-06,4.344696985922520162e-06
2.200072449497537513e-11,9.902628149149096259e+01,-1.689599947522996495e-04,4.344685878443900018e-04,2.234797003468075902e-13,9.905264977733736487e-01,-1.689601254645033785e-06,4.344678109390672123e-06
2.222420419532218272e-11,1.000168079892643362e+02,-1.706495960069446833e-04,4.388132659537806739e-04,2.285396486952267421e-13,9.905350953947618109e-01,-1.689604109291213598e-06,4.344659233466736242e-06
2.245274384401740946e-11,1.010073430846590981e+02,-1.723392001162358969e-04,4.431579251872474101e-04,2.061617159572342686e-13,9.905360648967302950e-01,-1.689595320566392991e-06,4.344686902513477528e-06
2.265890555997464373e-11,1.019978791495558283e+02,-1.740287954368022899e-04,4.475026120897608877e-04,2.210791004357622086e-13,9.905446672232613992e-01,-1.689609818925964270e-06,4.344714571561519856e-06
2.287998466041040594e-11,1.029884238167790897e+02,-1.757184052557282542e-04,4.518473266613224075e-04,2.334220168253803128e-13,9.905456319194598791e-01,-1.689589386427985552e-06,4.344695695098735495e-06
2.311340667723578625e-11,1.039789694486985496e+02,-1.774079946421562397e-04,4.561920223564211430e-04,2.011864719524863428e-13,9.905542293682572108e-01,-1.689603884806828524e-06,4.344676818800153554e-06
2.331459314918827260e-11,1.049695236780668068e+02,-1.790975985269630682e-04,4.605366991752212966e-04,2.311111260670012494e-13,9.905628267610495641e-01,-1.689606739572948203e-06,4.344657942443512586e-06
2.354570427525527385e-11,1.059600865048278564e+02,-1.807872052665360164e-04,4.648813571176648092e-04,2.228524867565821547e-13,9.905637960989963631e-01,-1.689597950758653811e-06,4.344685610934274998e-06
2.376855676201185600e-11,1.069506503009268528e+02,-1.824768032172946702e-04,4.692260427285990841e-04,2.137050069886759728e-13,9.905723984272043481e-01,-1.689600805393693447e-06,4.344713278982357662e-06
2.398226176900053197e-11,1.079412226993540571e+02,-1.841664040226883637e-04,4.735707560075814418e-04,2.279124983229323182e-13,9.905733627290800314e-01,-1.689592016519957671e-06,4.344694402308967029e-06
2.421017426732346429e-11,1.089317960620831371e+02,-1.858559960392083214e-04,4.779154504098904088e-04,2.245371090765063606e-13,9.905819599493241867e-01,-1.689606514895060146e-06,4.344675526021552370e-06
2.443471137639997065e-11,1.099223780220324613e+02,-1.875456025541033815e-04,4.822601259359119612e-04,2.070428933349218881e-13,9.905829240065457952e-01,-1.689597726001293735e-06,4.344656649898123290e-06
2.464175426973489254e-11,1.109129609460390071e+02,-1.892352002801046752e-04,4.866047825858100845e-04,2.262231843928883259e-13,9.905915262543203426e-01,-1.689600580746596732e-06,4.344684317388926038e-06
2.486797745412778087e-11,1.119035524722933275e+02,-1.909248008608512720e-04,4.909494669031990105e-04,2.184077815169937542e-13,9.906001285841199433e-01,-1.689603435501549128e-06,4.344711983993447720e-06
2.508638523564477462e-11,1.128941526008774474e+02,-1.926144042963528211e-04,4.952941788871924583e-04,2.187622457473690050e-13,9.906010924917012517e-01,-1.689594646427317265e-06,4.344693107775042529e-06
2.530514748139214363e-11,1.138847536933691487e+02,-1.943039989427801384e-04,4.996388719949675008e-04,2.216032934825907115e-13,9.906096894834064415e-01,-1.689597501162211921e-06,4.344674231277021598e-06
2.552675077487473434e-11,1.148753633828525551e+02,-1.959935964439423503e-04,5.039835462262445224e-04,2.217797976693638716e-13,9.906106585363261274e-01,-1.689611999784891962e-06,4.344701897806245439e-06
2.574853057254409821e-11,1.158659740413888812e+02,-1.976832084437272422e-04,5.083282481240507678e-04,2.301262610686869498e-13,9.906192554417856400e-01,-1.689591566893835746e-06,4.344683021453616019e-06
2.597865683361278516e-11,1.168565932968306669e+02,-1.993728000106210780e-04,5.126729311455043838e-04,2.235544576712878801e-13,9.906202189521309265e-01,-1.689594421507245548e-06,4.344664145265134808e-06
2.620221129128407304e-11,1.178472135157827978e+02,-2.010623944321283235e-04,5.170175952907695186e-04,2.063261871971769838e-13,9.906288212073519617e-01,-1.689597276352457775e-06,4.344691811053414884e-06
2.640853747848125002e-11,1.188378423369901498e+02,-2.027519917084807813e-04,5.213622871018229335e-04,2.185805397407793395e-13,9.906297845651295120e-01,-1.689600130985166376e-06,4.344672934788497420e-06
2.662711801822202936e-11,1.198284721215552793e+02,-2.044415918394659477e-04,5.257069600366114310e-04,2.212436133135018802e-13,9.906383868261201542e-01,-1.689602985849650296e-06,4.344700600096042253e-06
2.684836163153553124e-11,1.208191105083813994e+02,-2.061311948253155980e-04,5.300516606367074732e-04,2.240839252741471979e-13,9.906469835030122795e-01,-1.689605840612707103e-06,4.344681723754796956e-06
2.707244555680967844e-11,1.218097574918844117e+02,-2.078208006659283051e-04,5.343963423604622702e-04,2.107636294743030098e-13,9.906479523312867741e-01,-1.689608695274391007e-06,4.344709388803434311e-06
2.728320918628398145e-11,1.228004054442156985e+02,-2.095104093612026961e-04,5.387410517492657045e-04,2.118286799556212376e-13,9.906565431637091024e-01,-1.689588262207748250e-06,4.344643971362005183e-06
2.749503786623960269e-11,1.237910619873794076e+02,-2.111999976234104444e-04,5.430856957206277097e-04,2.407760692379505944e-13,9.906575176436120955e-01,-1.689591116810017874e-06,4.344718176711986207e-06
2.773581393547755328e-11,1.247817195050230197e+02,-2.128895887402204622e-04,5.474304138973396959e-04,2.100507020210044866e-13,9.906661082977734623e-01,-1.689617259682769457e-06,4.344652760042509027e-06
2.794586463749855777e-11,1.257723856133207931e+02,-2.145792059999032317e-04,5.517750666573822049e-04,2.237261960689236231e-13,9.906670828092387637e-01,-1.689596826304960676e-06,4.344726964507347397e-06
2.816959083356748139e-11,1.267630526961300319e+02,-2.162688028262081924e-04,5.561197936218895523e-04,2.160880763421407726e-13,9.906756732849828495e-01,-1.689599681047200801e-06,4.344661547722077424e-06
2.838567890990962217e-11,1.277537283694150148e+02,-2.179584025072553932e-04,5.604644551696116297e-04,2.208819354315985999e-13,9.906842755433871162e-01,-1.689602535910139734e-06,4.344689211732699619e-06
2.860656084534122076e-11,1.287444126449584019e+02,-2.196480050431655329e-04,5.648091443813443293e-04,2.237230773494206747e-13,9.906852381126043383e-01,-1.689605390560656355e-06,4.344670335490441980e-06
2.883028392269064144e-11,1.297350978830710062e+02,-2.213376104337261892e-04,5.691538147168347713e-04,2.159079212518984840e-13,9.906938403767640011e-01,-1.689584957096382451e-06,4.344697998798609587e-06
2.904619184394253992e-11,1.307257917234477702e+02,-2.230271953908225717e-04,5.734985127156333809e-04,2.322454807615522329e-13,9.906871689902914113e-01,-1.689611100184402375e-06,4.344679122479807275e-06
2.927843732470409216e-11,1.317164788924380616e+02,-2.247168064910069741e-04,5.778431918381131882e-04,1.931747342730674383e-13,9.907110388664932543e-01,-1.689590666549664784e-06,4.344706785307239638e-06
2.947161205897715959e-11,1.327071899313045549e+02,-2.264063971575566389e-04,5.821878986234204278e-04,2.420124048722835059e-13,9.907043673274529283e-01,-1.689593521271088227e-06,4.344687908912109493e-06
2.971362446384944310e-11,1.336978942986320078e+02,-2.280959906788277271e-04,5.865325865323325373e-04,2.155506446522278595e-13,9.907129633386375644e-01,-1.689619664506125966e-06,4.344669032681127557e-06
2.992917510850167096e-11,1.346886072619706454e+02,-2.297856103433338531e-04,5.908772555650136649e-04,2.228295594050503435e-13,9.907062977329701425e-01,-1.689599230782294062e-06,4.344696695211488525e-06
3.015200466790672130e-11,1.356793135597036155e+02,-2.314752095741161471e-04,5.952219522602251534e-04,2.215873811553835139e-13,9.907301615292851693e-01,-1.689578797061091348e-06,4.344677818682134152e-06
3.037359204906210482e-11,1.366700437212329007e+02,-2.331647883711772385e-04,5.995666300789072875e-04,2.153708424401332493e-13,9.907234958631079280e-01,-1.689604940253330205e-06,4.344705480731868297e-06
3.058896289150223807e-11,1.376607672170960086e+02,-2.348543933114305687e-04,6.039113355596391558e-04,2.190981937448892040e-13,9.907320917017443662e-01,-1.689607795023027751e-06,4.344686604126186090e-06
3.080806108524712727e-11,1.386514993087977530e+02,-2.365440011064535964e-04,6.082560221637653419e-04,2.278005691277574155e-13,9.907406874843616151e-01,-1.689587361212730723e-06,4.344667728128416041e-06
3.103586165437488469e-11,1.396422399962821146e+02,-2.382335884676663271e-04,6.126006898918937580e-04,2.185639182075975886e-13,9.907492897516760877e-01,-1.689613504551987395e-06,4.344695389437206422e-06
3.125442557258248228e-11,1.406329892860337907e+02,-2.399232019722183145e-04,6.169453852813309644e-04,2.157220425419305662e-13,9.907426172451323509e-01,-1.689593070682276089e-06,4.344676513141172355e-06
3.147014761512441284e-11,1.416237319032789230e+02,-2.416127950429005906e-04,6.212900617944721367e-04,2.208728820507979678e-13,9.907512194518801607e-01,-1.689595925411831049e-06,4.344704173969227493e-06
3.169102049717521081e-11,1.426144831227308032e+02,-2.433023909683124217e-04,6.256347659684413642e-04,2.277968422078310972e-13,9.907598150619207900e-01,-1.689598780151062513e-06,4.344685297596974013e-06
3.191881733938304191e-11,1.436052429377927240e+02,-2.449919897484634842e-04,6.299794512660383383e-04,2.080837218769244528e-13,9.907684106160274951e-01,-1.689601634899916272e-06,4.344666421388543483e-06
3.212690106125996636e-11,1.445960113484087515e+02,-2.466815913833634005e-04,6.343241176874268817e-04,2.235334843702554747e-13,9.907770128848483182e-01,-1.689604489658392324e-06,4.344694081697807880e-06
3.235043454563022183e-11,1.455867883612935998e+02,-2.483711958730217928e-04,6.386688117691246896e-04,2.198026182752528843e-13,9.907703398182547971e-01,-1.689607344426571987e-06,4.344675205413157937e-06
3.257023716390547472e-11,1.465775587011118546e+02,-2.500608032174483648e-04,6.430134869745378476e-04,2.043531962258033312e-13,9.907789420265373792e-01,-1.689586910299958975e-06,4.344702865241687091e-06
3.277459036013127805e-11,1.475683376431383920e+02,-2.517503901277483237e-04,6.473581898397795346e-04,2.395137216370974073e-13,9.907875374080390429e-01,-1.689613053952522970e-06,4.344683989102645499e-06
3.301410408176837546e-11,1.485591251805464310e+02,-2.534400031817008467e-04,6.517028738288821801e-04,2.002668295738997397e-13,9.907808639340203172e-01,-1.689592619766441470e-06,4.344665112683662907e-06
3.321437091134227520e-11,1.495499060444804513e+02,-2.551295958014672882e-04,6.560475389415658430e-04,2.432415603684466148e-13,9.908047349376261081e-01,-1.689595474494505652e-06,4.344692772215337506e-06
3.345761247171072181e-11,1.505407107794180774e+02,-2.568191912759617938e-04,6.603922317137811806e-04,2.171357363791751014e-13,9.907980613109259593e-01,-1.689598329232165023e-06,4.344673895720135501e-06
3.367474820808989691e-11,1.515315088407290034e+02,-2.585087896051939589e-04,6.647369056095013161e-04,2.162480954033534245e-13,9.908066635207717354e-01,-1.689601183868505701e-06,4.344701554770966437e-06
3.389099630349325034e-11,1.525223155042497751e+02,-2.601983907890624646e-04,6.690816071642722825e-04,2.325831392228726191e-13,9.908152586737344336e-01,-1.689604038736540383e-06,4.344682678421481203e-06
3.412357944271612296e-11,1.535131307629235096e+02,-2.618879948277990049e-04,6.734262898426937637e-04,2.070116376040043099e-13,9.908085846396375018e-01,-1.689606893503147952e-06,4.344663802235818918e-06
3.433059108032012727e-11,1.545039393475631471e+02,-2.635776017213021529e-04,6.777709536449295826e-04,2.382668715331690913e-13,9.908324559762036188e-01,-1.689609748279404921e-06,4.344691460546031350e-06
3.456885795185329636e-11,1.554947718035393507e+02,-2.652672114695815578e-04,6.821156451054756140e-04,2.007932089494696268e-13,9.908257890664344814e-01,-1.689589313695746484e-06,4.344719118413672455e-06
3.476965116080276598e-11,1.564855975926057852e+02,-2.669568007832773043e-04,6.864603642238892864e-04,2.126909234593632897e-13,9.908343767239102817e-01,-1.689592168523665686e-06,4.344653707984104038e-06
3.498234208426212927e-11,1.574764319693296954e+02,-2.686463929518009700e-04,6.908050179318733905e-04,2.274310199753702877e-13,9.908277095289861336e-01,-1.689618312587413355e-06,4.344681365775417310e-06
3.520977310423749956e-11,1.584672596788586816e+02,-2.703360112643883833e-04,6.951496992976488078e-04,2.176636405127818072e-13,9.908515811422375918e-01,-1.689597877914687709e-06,4.344709023346203861e-06
3.542743674475028137e-11,1.594581112600009192e+02,-2.720256091423030710e-04,6.994944083209950116e-04,2.258294814017181332e-13,9.908449065177933335e-01,-1.689600732771500899e-06,4.344690146709838732e-06
3.565326622615199950e-11,1.604489561665187125e+02,-2.737152098750745719e-04,7.038390984677048504e-04,2.231669982620091511e-13,9.908535012336017189e-01,-1.689580297960593686e-06,4.344671270459341157e-06
3.587643322441400865e-11,1.614398096677523142e+02,-2.754047901730351656e-04,7.081837697381641915e-04,2.176596750704661731e-13,9.908621034463749311e-01,-1.689606442252728543e-06,4.344698927511228548e-06
3.609409289948447483e-11,1.624306717711986892e+02,-2.770943966152878942e-04,7.125284686656754201e-04,2.240530814137918598e-13,9.908706981421460114e-01,-1.689609297027521839e-06,4.344680051184511560e-06
3.631814598089826669e-11,1.634215424693408352e+02,-2.787840059123154160e-04,7.168731487168599316e-04,2.158833749752940523e-13,9.908640229879495109e-01,-1.689588862127438997e-06,4.344661174799898176e-06
3.653402935587356074e-11,1.644124064923287847e+02,-2.804735947744428550e-04,7.212178098916598298e-04,2.155264324300128784e-13,9.908726251302084620e-01,-1.689615006566591669e-06,4.344688831332994827e-06
3.674955578830357362e-11,1.654032791174589931e+02,-2.821632097810094467e-04,7.255624987229928246e-04,2.446514215837083124e-13,9.908812273544356231e-01,-1.689594571607148758e-06,4.344716487201800807e-06
3.699420720988728193e-11,1.663941603448134288e+02,-2.838528043526165954e-04,7.299072152101946254e-04,2.038043189544806923e-13,9.908898140946007516e-01,-1.689597426341826573e-06,4.344651078816820847e-06
3.719801152884176262e-11,1.673850501589080295e+02,-2.855424017789584220e-04,7.342518662890114463e-04,2.228058821929028794e-13,9.908831540687401684e-01,-1.689600281197121880e-06,4.344725266312811016e-06
3.742081741103466550e-11,1.683759333129767697e+02,-2.872320020601555439e-04,7.385965915553242573e-04,2.291981657523489831e-13,9.908917405643080656e-01,-1.689603135840021982e-06,4.344659858255910632e-06
3.765001557678701448e-11,1.693668250535410778e+02,-2.889216051959955659e-04,7.429412514135801679e-04,1.833807029558293207e-13,9.909003427080165238e-01,-1.689605990714670297e-06,4.344687513567653536e-06
3.783339627974284380e-11,1.703577253962490943e+02,-2.906112111867102362e-04,7.472859389271478215e-04,2.448237180794344919e-13,9.909089369666048697e-01,-1.689585555528032822e-06,4.344668637340141047e-06
3.807821999782227830e-11,1.713486343332156991e+02,-2.923007967422382690e-04,7.516306075644879625e-04,2.251114720170882414e-13,9.909175391823339396e-01,-1.689611700120329050e-06,4.344696292393301733e-06
3.830333146983936654e-11,1.723395518723980331e+02,-2.939904084423585980e-04,7.559753038568812642e-04,2.165870667937563358e-13,9.909108630302796428e-01,-1.689591264985408018e-06,4.344677415867525226e-06
3.851991853663312287e-11,1.733304627354283127e+02,-2.956799997073440061e-04,7.603199812727487895e-04,2.190714538828817445e-13,9.909194651854988933e-01,-1.689594119819886643e-06,4.344705070440059089e-06
3.873898999051600462e-11,1.743213822006138116e+02,-2.973695938271638927e-04,7.646646863431888486e-04,2.096605715535201366e-13,9.909280592714253544e-01,-1.689596974441915853e-06,4.344686193838063169e-06
3.894865056206952475e-11,1.753123102598852370e+02,-2.990591908016058086e-04,7.690093725370269117e-04,2.329214044121444121e-13,9.909366533015599998e-01,-1.689599829184725184e-06,4.344667317843870988e-06
3.918157196648166917e-11,1.763032469131867970e+02,-3.007487906307905337e-04,7.733540398548707827e-04,2.165837701036950338e-13,9.909452555186533118e-01,-1.689602683937075495e-06,4.344694971675786346e-06
3.939815573658536420e-11,1.772941921687054503e+02,-3.024383933147276092e-04,7.776987348265465691e-04,2.227983957626963325e-13,9.909385870957123643e-01,-1.689605538699183625e-06,4.344722625065130378e-06
3.962095413234806053e-11,1.782851307558011626e+02,-3.041279988534267929e-04,7.820434574516116994e-04,2.314994757817657241e-13,9.909471726740264330e-01,-1.689608393581909247e-06,4.344657219052926872e-06
3.985245360812982626e-11,1.792760779284751891e+02,-3.058176072470087021e-04,7.863881146706646263e-04,2.039732827587637696e-13,9.909557832016844259e-01,-1.689587958049248648e-06,4.344731401643552732e-06
4.005642689088859003e-11,1.802670337116768735e+02,-3.075071952050579508e-04,7.907328460723081790e-04,2.211979256811956747e-13,9.909643602410085350e-01,-1.689614103003885242e-06,4.344619466883914427e-06
4.027762481656978570e-11,1.812579980719178820e+02,-3.091968093080618360e-04,7.950774655391920935e-04,2.235060713800725335e-13,9.909576998533395908e-01,-1.689593667522778456e-06,4.344693648994021884e-06
4.050113088794985823e-11,1.822489557717712216e+02,-3.108864029755846145e-04,7.994221591881861154e-04,2.130273924593969645e-13,9.909662935021970043e-01,-1.689596522254420505e-06,4.344674772713166648e-06
4.071415828040925520e-11,1.832399220652734186e+02,-3.125759994978390350e-04,8.037668339608992820e-04,2.524490539222086019e-13,9.909749042252258278e-01,-1.689599376995657744e-06,4.344748953755985486e-06
4.096660733433146380e-11,1.842308969694986445e+02,-3.142655988748346927e-04,8.081115829146552675e-04,1.929611289663607851e-13,9.909834807239690235e-01,-1.689602231746490171e-06,4.344637020239168132e-06
4.115956846329782459e-11,1.852218804502226135e+02,-3.159552011065811829e-04,8.124562199348944356e-04,2.325578764090435638e-13,9.909768202664963610e-01,-1.689605086507080418e-06,4.344711200579532383e-06
4.139212633970686815e-11,1.862128572704891099e+02,-3.176448061930882633e-04,8.168009311354739680e-04,2.068105697307075652e-13,9.910006850615786789e-01,-1.689584650798779068e-06,4.344692324368066086e-06
4.159893690943757572e-11,1.872038579555506885e+02,-3.193343908438870424e-04,8.211456234598420341e-04,2.165756550539372126e-13,9.909940072294034508e-01,-1.689610796017689941e-06,4.344673448098594973e-06
4.181551256449151293e-11,1.881948519627800920e+02,-3.210240016399047323e-04,8.254902969079406291e-04,2.323793974890083539e-13,9.910026005936458660e-01,-1.689590360138952009e-06,4.344654571771444304e-06
4.204789196198052128e-11,1.891858545633737378e+02,-3.227135920000436843e-04,8.298349514797120734e-04,2.092927693885179942e-13,9.909959400664263285e-01,-1.689616505566897062e-06,4.344728750564001533e-06
4.225718473136903928e-11,1.901768505034401642e+02,-3.244032085056105814e-04,8.341796802302760749e-04,2.208353104853812377e-13,9.910197871799937275e-01,-1.689596069739821363e-06,4.344616819870338216e-06
4.247802004185442051e-11,1.911678702906201579e+02,-3.260928045753504027e-04,8.385242970501464131e-04,2.240316515411921221e-13,9.910131265921222621e-01,-1.689598924479540718e-06,4.344690997960549278e-06
4.270205169339561264e-11,1.921588834172122802e+02,-3.277824034998299435e-04,8.428689880481069624e-04,2.274048598815722920e-13,9.910217377418462092e-01,-1.689601779228909473e-06,4.344765175001903158e-06
4.292945655327718493e-11,1.931499051549541264e+02,-3.294720052790588529e-04,8.472137532231088656e-04,2.114207862906877656e-13,9.910303130115210024e-01,-1.689604633987873417e-06,4.344653245204658197e-06
4.314087733956787269e-11,1.941409354679656474e+02,-3.311616099130467263e-04,8.515584064683135238e-04,2.249165843028341079e-13,9.910236342420830624e-01,-1.689584197852233780e-06,4.344634369274650784e-06
4.336579392387070680e-11,1.951319591022077304e+02,-3.328511941108989601e-04,8.559030408375881745e-04,2.243830938595221339e-13,9.910475172826807011e-01,-1.689610343495447174e-06,4.344708545817271665e-06
4.359017701773022894e-11,1.961230066194904111e+02,-3.345408044543944073e-04,8.602477493834054462e-04,1.860255823821011158e-13,9.910408384526476766e-01,-1.689589907411469770e-06,4.344689669184918085e-06
4.377620260011233005e-11,1.971140474579430588e+02,-3.362303943618058771e-04,8.645924390525903643e-04,2.497749599517260248e-13,9.910494314157176632e-01,-1.689616052930596225e-06,4.344670792938648898e-06
4.402597756006405608e-11,1.981050968893587765e+02,-3.379200104147364733e-04,8.689371098455290132e-04,2.254455986898395109e-13,9.910580428327762093e-01,-1.689595616898172635e-06,4.344744967951785775e-06
4.425142315875389559e-11,1.990961549321915527e+02,-3.396096060316346459e-04,8.732818548134807990e-04,2.172774240845063329e-13,9.910513450854239181e-01,-1.689598471636374107e-06,4.344633040755758666e-06
4.446870058283840192e-11,2.000872062772769766e+02,-3.412992045032710200e-04,8.776264878542365576e-04,2.050243778305534608e-13,9.910599564418021146e-01,-1.689601326273148466e-06,4.344707214844504770e-06
4.467372496066895538e-11,2.010782662337187787e+02,-3.429888058295441685e-04,8.819711950690810624e-04,2.107046797073998190e-13,9.910685492322954815e-01,-1.689604181141671040e-06,4.344688338667624522e-06
4.488442964037635520e-11,2.020693347829510742e+02,-3.446784100106858395e-04,8.863158834077486869e-04,2.202940130448470243e-13,9.910771419668549242e-01,-1.689583744689661209e-06,4.344669462432956299e-06
4.510472365342120222e-11,2.030604119249179291e+02,-3.463679937553755007e-04,8.906605528701816432e-04,2.408918342874264382e-13,9.910857536151240765e-01,-1.689609890646209030e-06,4.344743635214263003e-06
4.534561548770862866e-11,2.040514976785330532e+02,-3.480576036460217098e-04,8.950052965053959062e-04,2.142539467280031564e-13,9.910790548478303208e-01,-1.689589454134730710e-06,4.344631710051223387e-06
4.555986943443663182e-11,2.050425767333808835e+02,-3.497471931001564405e-04,8.993499282154471296e-04,2.341421193583839303e-13,9.910876664355328103e-01,-1.689615600189290408e-06,4.344705882352120109e-06
4.579401155379501575e-11,2.060336643998164163e+02,-3.514368087003457309e-04,9.036946340977992497e-04,2.252630275582405452e-13,9.910962589974019465e-01,-1.689595163618452019e-06,4.344687005965013060e-06
4.601927458135325629e-11,2.070247606588138183e+02,-3.531264038639641829e-04,9.080393211037642628e-04,2.050186360883119681e-13,9.911048515033655804e-01,-1.689598018466157911e-06,4.344668129963556724e-06
4.622429321744156826e-11,2.080158655103171839e+02,-3.548160018824303408e-04,9.123839892337278195e-04,2.243729826124675305e-13,9.910981906056122170e-01,-1.689600873101414387e-06,4.344742300513466937e-06
4.644866620005403579e-11,2.090069637009227961e+02,-3.565056027555317552e-04,9.167287315342412864e-04,2.044851939671465454e-13,9.911220363729000837e-01,-1.689603727857342565e-06,4.344630377383197975e-06
4.665315139402118234e-11,2.099980857372956962e+02,-3.581952064833890978e-04,9.210733619116244844e-04,2.098102688016574346e-13,9.911153754146369010e-01,-1.689583291311061355e-06,4.344704547896353734e-06
4.686296166282283977e-11,2.109892011127103331e+02,-3.598847897747001591e-04,9.254180664595208381e-04,2.483432575303655179e-13,9.911239677479102284e-01,-1.689609437358790579e-06,4.344685671520739229e-06
4.711130492035320529e-11,2.119803250804582433e+02,-3.615743992120589497e-04,9.297627521310415774e-04,2.247254539641719983e-13,9.911172869828135390e-01,-1.689612292143612745e-06,4.344666795087228327e-06
4.733603037431737729e-11,2.129714423674410568e+02,-3.632640115042025625e-04,9.341074189261288057e-04,2.025290317350969931e-13,9.911411720697458350e-01,-1.689591855508318537e-06,4.344740964071116922e-06
4.753855940605247428e-11,2.139625835395108027e+02,-3.649536033597108810e-04,9.384521598901999226e-04,2.316488772672421655e-13,9.911344712625975717e-01,-1.689594710122704121e-06,4.344629042973835453e-06
4.777020828331971645e-11,2.149537180107734002e+02,-3.666431980698335851e-04,9.427967889331737581e-04,1.911617288537237572e-13,9.911430833127496953e-01,-1.689597564857761407e-06,4.344703211255377881e-06
4.796137001217344020e-11,2.159448610940861499e+02,-3.683327956346913465e-04,9.471414921444291360e-04,2.385729537856396814e-13,9.911516754173987920e-01,-1.689600419602576512e-06,4.344684334891364338e-06
4.819994296595907989e-11,2.169360127695035487e+02,-3.700223960542939230e-04,9.514861764793205003e-04,2.302270667530462971e-13,9.911449940923091617e-01,-1.689603274356932597e-06,4.344665458691390585e-06
4.843017003271212618e-11,2.179271577635958579e+02,-3.717119993286508556e-04,9.558308419380118909e-04,2.165517136930671748e-13,9.911536063016512799e-01,-1.689606129232068803e-06,4.344739625443774268e-06
4.864672174640519336e-11,2.189183113698975092e+02,-3.734016054578829244e-04,9.601755815634556651e-04,2.110480757554324827e-13,9.911621778485937284e-01,-1.689585692117665655e-06,4.344627706379371873e-06
4.885776982216062584e-11,2.199094735477461029e+02,-3.750911911500005901e-04,9.645202092698350370e-04,2.248977235882962065e-13,9.911707901299280365e-01,-1.689611838638649128e-06,4.344701872873064918e-06
4.908266754574892205e-11,2.209006443378760309e+02,-3.767808029886392392e-04,9.688649111427081019e-04,2.394561900331005666e-13,9.911793820059813243e-01,-1.689591401575908213e-06,4.344682996298932995e-06
4.932212373578202261e-11,2.218918237198820123e+02,-3.784703943902151474e-04,9.732095941390070349e-04,2.147741003636216570e-13,9.911727001207282228e-01,-1.689594256299852427e-06,4.344664120110668624e-06
4.953689783614564427e-11,2.228829964200027405e+02,-3.801599886465149999e-04,9.775542582591177036e-04,2.222319162272991113e-13,9.911965863330181037e-01,-1.689620402967853714e-06,4.344738285075311346e-06
4.975912975237294338e-11,2.238741930063357586e+02,-3.818496090494828536e-04,9.818989965441930149e-04,1.540234598712318193e-04,9.922160035386013988e-01,-3.595003445220316821e-05,4.311336584914395378e-05
1.540235096303615785e-04,2.248664090098743600e+02,-4.177996435016860218e-04,1.025012362393336969e-03,-1.340874307259446764e-04,9.927168527941603315e-01,-5.786157999111425209e-05,6.736850101110841010e-05
1.993607890441691230e-05,2.258591258626685203e+02,-4.756612234928002739e-04,1.092380863404445379e-03,1.953741366641927914e-03,9.933678777094314682e-01,-6.562678251801549838e-05,7.545909157706033078e-05
1.973677445546344680e-03,2.268524937403779518e+02,-5.412880060108157722e-04,1.167839954981505710e-03,8.675117743592386868e-04,9.932810753346643651e-01,-7.558379605729034258e-05,8.577706423993540844e-05
2.841189219905583367e-03,2.278457748157126161e+02,-6.168718020681061148e-04,1.253617019221441118e-03,1.125797645867429413e-03,9.935685957033797422e-01,-8.829394083300484957e-05,9.887448526611319725e-05
3.966986865773012780e-03,2.288393434114159959e+02,-7.051657429011109644e-04,1.352491504487554315e-03,1.673184419501349759e-03,9.940377691950743611e-01,-1.048818568680325025e-04,1.158638004635913644e-04
5.640171285274362539e-03,2.298333811806110702e+02,-8.100475997691434669e-04,1.468355304951145680e-03,2.320300675352391165e-03,9.946350372719905408e-01,-1.268129621791524520e-04,1.381744851773974124e-04
7.960471960626753704e-03,2.308280162178830608e+02,-9.368605619482959189e-04,1.606529790128543092e-03,2.808429475889351670e-03,9.952813575313541605e-01,-1.557873162541802917e-04,1.674293332370206319e-04
1.076890143651610537e-02,2.318232975754144150e+02,-1.092647878202476211e-03,1.773959123365563724e-03,2.355033616522037715e-03,9.954008766941626618e-01,-1.929808002212758927e-04,2.046636180717226021e-04
1.312393505303814309e-02,2.328186984521085776e+02,-1.285628678423752103e-03,1.978622741437286326e-03,-5.113334414553333263e-05,9.940358491402605523e-01,-2.371136588416474216e-04,2.484115975739937913e-04
1.307280170889260976e-02,2.338127343012488382e+02,-1.522742337265399525e-03,2.227034339011280117e-03,-3.558198060313729968e-03,9.911865453805432935e-01,-2.824027400132049677e-04,2.927824597278331706e-04
9.514603648578879788e-03,2.348039208466293815e+02,-1.805145077278604493e-03,2.519816798739113288e-03,-4.739506838620718109e-03,9.894401504860184104e-01,-3.205918740039001309e-04,3.296591718663327390e-04
4.775096809958161680e-03,2.357933609971153999e+02,-2.125736951282504623e-03,2.849475970605446027e-03,-3.016768895804071079e-03,9.899848097776100531e-01,-3.471726000405699411e-04,3.548485730694413490e-04
1.758327914154090817e-03,2.367833458068930099e+02,-2.472909551323074565e-03,3.204324543674887376e-03,-1.214767795277890260e-03,9.909767889941463181e-01,-3.632552986268236181e-04,3.697074131112231161e-04
5.435601188762006651e-04,2.377743225958871562e+02,-2.836164849949898183e-03,3.574031956786110492e-03,-3.884610586329993276e-04,9.913628839649675228e-01,-3.721881394602166715e-04,3.776777276023714561e-04
1.550990602432013375e-04,2.387656854798521238e+02,-3.208352989410114854e-03,3.951709684388481948e-03,-1.134771618162835828e-04,9.914115416907236522e-01,-3.769364851681639150e-04,3.817153977920366426e-04
4.162189842691775468e-05,2.397570970215428474e+02,-3.585289474578278769e-03,4.333425082180518591e-03,-3.177391410733107090e-05,9.913143576775951260e-01,-3.794273932049407189e-04,3.836991150164099570e-04
9.847984319586685473e-06,2.407484113792204425e+02,-3.964716867783219488e-03,4.717124197196928548e-03,-8.376007937436832923e-06,9.912203005472406403e-01,-3.807432543783944440e-04,3.846593994072866271e-04
1.471976382149852974e-06,2.417396316797676832e+02,-4.345460122161613932e-03,5.101783596604215175e-03,-1.855598834519673849e-06,9.911300010453771847e-01,-3.814527103808106057e-04,3.851209506615963993e-04
-3.836224523698208754e-07,2.427307616808130604e+02,-4.726912832542424538e-03,5.486904547265811574e-03,-1.593347126752606258e-07,9.910586363692743817e-01,-3.818461493810603943e-04,3.853430375379733944e-04
-5.429571650450815012e-07,2.437218203171823347e+02,-5.108758981923484932e-03,5.872247584803784969e-03,1.963132519129177404e-07,9.910047385815801135e-01,-3.820717971302969862e-04,3.854489364365932397e-04
-3.466439131321637608e-07,2.447128250557639149e+02,-5.490830779053781918e-03,6.257696521240378208e-03,2.101549836217595944e-07,9.909369202490836415e-01,-3.822050911921762509e-04,3.855002565388270658e-04
-1.364889295104041664e-07,2.457037619760129985e+02,-5.873035870245958169e-03,6.643196777779205274e-03,1.579102117615764155e-07,9.908925356560871478e-01,-3.822867507187006561e-04,3.855248258412052528e-04
2.142128225117224250e-08,2.466946545116690857e+02,-6.255322620964658825e-03,7.028721603620410527e-03,1.077755044698050763e-07,9.908596293720393078e-01,-3.823384472517281363e-04,3.855367370515861217e-04
1.291967867209773254e-07,2.476855141410411250e+02,-6.637661068216386961e-03,7.414258340671996649e-03,7.140006056945908250e-08,9.907935105237015705e-01,-3.823717646757622199e-04,3.855419237965380594e-04
2.005968472904364079e-07,2.486763076515648265e+02,-7.020032832892149181e-03,7.799800264468534708e-03,4.704802537083681807e-08,9.907723101126748588e-01,-3.823941807928575576e-04,3.855455693018844388e-04
2.476448726612732260e-07,2.496670799616775014e+02,-7.402427013685006739e-03,8.185345833770419147e-03,3.111952779849553227e-08,9.907187787968041448e-01,-3.824083070030764864e-04,3.855461985189656549e-04
2.787644004597687582e-07,2.506577987404743055e+02,-7.784835320688083225e-03,8.570892032289384802e-03,2.071192987834700190e-08,9.906953626203858221e-01,-3.824178864661369540e-04,3.855475081467139159e-04
2.994763303381157601e-07,2.516484941030946914e+02,-8.167253207154220179e-03,8.956439540436098717e-03,1.385991167647739842e-08,9.906399511786219136e-01,-3.824251666012766504e-04,3.855472827228399041e-04
3.133362420145931586e-07,2.526391340542733133e+02,-8.549678373755496830e-03,9.341986823158938621e-03,9.302317713253937991e-09,9.906146774414708034e-01,-3.824301439036142947e-04,3.855477381279216048e-04
3.226385597278470966e-07,2.536297487317147841e+02,-8.932108517659111124e-03,9.727534561286860226e-03,6.240187312182434928e-09,9.905731653881844068e-01,-3.824328148652363091e-04,3.855481357291669353e-04
3.288787470400295315e-07,2.546203218971029685e+02,-9.314541332524347433e-03,1.011308269701602716e-02,4.164498860936692016e-09,9.905306237848208184e-01,-3.824354329280323789e-04,3.855477383165866606e-04
3.330432459009662235e-07,2.556108525208877893e+02,-9.696976765452379812e-03,1.049863043533261382e-02,2.747140530921994712e-09,9.904872372028137306e-01,-3.824372454246296321e-04,3.855472840857826489e-04
3.357903864318882182e-07,2.566013397580906030e+02,-1.007941401087700944e-02,1.088417771941839647e-02,1.773770045064653534e-09,9.904588115223873501e-01,-3.824374982479838980e-04,3.855482465201804515e-04
3.375641564769528717e-07,2.575917985696129904e+02,-1.046185150912499334e-02,1.126972596593857692e-02,1.102103307603649710e-09,9.904137485124238083e-01,-3.824392017578674002e-04,3.855476777150385753e-04
3.386662597845565215e-07,2.585822123181254142e+02,-1.084429071088286074e-02,1.165527364365361550e-02,6.369116304813004661e-10,9.903525862648621114e-01,-3.824393443165857026e-04,3.855477884307390718e-04
3.393031714150378219e-07,2.595725649043902763e+02,-1.122673005519944645e-02,1.204082143208435457e-02,3.138242491770112991e-10,9.903525453703423409e-01,-3.824394310710001188e-04,3.855485775981874752e-04
3.396169956642148332e-07,2.605629174497606186e+02,-1.160916948627044656e-02,1.242637000968254204e-02,8.881561575143373738e-11,9.902893279693216755e-01,-3.824402160039295367e-04,3.855471018553123519e-04
3.397058112799662670e-07,2.615532067777299403e+02,-1.199160970227437610e-02,1.281191711153785440e-02,-6.815398489777359326e-11,9.902260072479975861e-01,-3.824401915349280590e-04,3.855485117008495416e-04
3.396376572950684934e-07,2.625434327849779379e+02,-1.237404989380930416e-02,1.319746562323870394e-02,-1.778522915204533264e-10,9.902229275612626225e-01,-3.824393564468495099e-04,3.855469226132415134e-04
3.394598050035480400e-07,2.635336557125392005e+02,-1.275648925025615367e-02,1.358301254585194545e-02,-2.546439054443128132e-10,9.901579316384072627e-01,-3.824407291681038851e-04,3.855482169774493428e-04
3.392051610981037272e-07,2.645238136441776078e+02,-1.313892997942425755e-02,1.396856076282939479e-02,-3.083269496346270535e-10,9.901226477290947514e-01,-3.824405370957077027e-04,3.855479836884830730e-04
3.388968341484691002e-07,2.655139362919067025e+02,-1.352137051651996526e-02,1.435410874651787787e-02,-3.461432620743872561e-10,9.900865363806587993e-01,-3.824402888344489299e-04,3.855476933914588067e-04
3.385506908863947129e-07,2.665040228282873613e+02,-1.390381080535441419e-02,1.473965643990933667e-02,-3.725527594421061868e-10,9.900186182488255326e-01,-3.824414958774873669e-04,3.855473461528476781e-04
3.381781381269526067e-07,2.674940414465361869e+02,-1.428625230123190155e-02,1.512520378606218435e-02,-3.912009428082638107e-10,9.900122067737697762e-01,-3.824396240670289993e-04,3.855484092197252605e-04
3.377869371841443429e-07,2.684840536533099566e+02,-1.466869192529893055e-02,1.551075219528190961e-02,-4.040866562543160905e-10,9.899426115928804393e-01,-3.824407195673323184e-04,3.855479471642584560e-04
3.373828505278900268e-07,2.694739962649028371e+02,-1.505113264486626287e-02,1.589630014244616807e-02,-4.132292437903778866e-10,9.899031674085563282e-01,-3.824402470646807300e-04,3.855474283652078615e-04
3.369696212840996489e-07,2.704638994323113934e+02,-1.543357289193094360e-02,1.628184757081137593e-02,-4.197152596636392595e-10,9.898632861695091378e-01,-3.824412319227889906e-04,3.855483183743298181e-04
3.365499060244360097e-07,2.714537627184809025e+02,-1.581601412385373259e-02,1.666739588918570575e-02,-4.240846385036443734e-10,9.897911493785045423e-01,-3.824406474928800093e-04,3.855476851561470686e-04
3.361258213859323653e-07,2.724435538678594071e+02,-1.619845477134661260e-02,1.705294357434185282e-02,-4.271489448772586737e-10,9.897802481013400211e-01,-3.824400064237551411e-04,3.855469953927825877e-04
3.356986724410551066e-07,2.734333341159607471e+02,-1.658089477777036774e-02,1.743849056973463540e-02,-4.292795199847810372e-10,9.897072195178679976e-01,-3.824408242599913743e-04,3.855491767325858188e-04
3.352693929210703256e-07,2.744230413354786151e+02,-1.696333560203035912e-02,1.782403974646722122e-02,-4.306778641021222327e-10,9.896942925309417660e-01,-3.824400708778673275e-04,3.855469085909737914e-04
3.348387150569682034e-07,2.754127356280095569e+02,-1.734577567290822644e-02,1.820958665505819501e-02,-4.315583214803419341e-10,9.896191919337979925e-01,-3.824407774317348241e-04,3.855475111207776195e-04
3.344071567354878614e-07,2.764023548199433549e+02,-1.772821645033996127e-02,1.859513416617897263e-02,-4.320383886318376345e-10,9.895743267981060853e-01,-3.824414288284630481e-04,3.855480556767647282e-04
3.339751183468560238e-07,2.773919291467414610e+02,-1.811065787916842432e-02,1.898068222185573736e-02,-4.324445559250703367e-10,9.895286354137056151e-01,-3.824405070750568070e-04,3.855485423254999267e-04
3.335426737909309535e-07,2.783814577821551666e+02,-1.849309838624348112e-02,1.936623076418123729e-02,-4.324935392680804784e-10,9.894817173480987549e-01,-3.824410468054977030e-04,3.855475101617808487e-04
3.331101802516628730e-07,2.793709394995032653e+02,-1.887553943304897883e-02,1.975177827434301814e-02,-4.325946167282334531e-10,9.894343706904464852e-01,-3.824400120961898852e-04,3.855478823228848662e-04
3.326775856349346395e-07,2.803603738701937118e+02,-1.925797944514516871e-02,2.013732615666590300e-02,-4.324143749278379086e-10,9.893861972375361802e-01,-3.824404399031949842e-04,3.855481967767471208e-04
3.322451712600068016e-07,2.813497600674312480e+02,-1.964041988504836370e-02,2.052287435344265012e-02,-4.321644171653936204e-10,9.893367932315300095e-01,-3.824408122329869819e-04,3.855469943055585269e-04
3.318130068428414080e-07,2.823390968606627780e+02,-2.002286069728135068e-02,2.090842134774820865e-02,-4.320035501930280260e-10,9.892873681095579741e-01,-3.824411290221686743e-04,3.855486533895259582e-04
3.313810032926483800e-07,2.833283842287723360e+02,-2.040530182630351935e-02,2.129397000113773461e-02,3.741736398922210301e-06,9.892499806095429449e-01,-3.815939615888531977e-04,3.847001463487403905e-04
4.073117402214858628e-06,2.843176342093818789e+02,-2.078689578789237255e-02,2.167867014748647500e-02,3.538346850369776108e-05,9.892820446374344101e-01,-3.711785560880226376e-04,3.742775381918132804e-04
3.945658590591261632e-05,2.853069162540193133e+02,-2.115807434398039519e-02,2.205294768567828828e-02,-3.911919837131551121e-05,9.891793833461406393e-01,-3.711702164344646282e-04,3.742701002061588067e-04
3.373875345971045805e-07,2.862960956373654540e+02,-2.152924456041485982e-02,2.242721778588444709e-02,-4.675570622265406251e-08,9.891411586172580428e-01,-3.711724780976199956e-04,3.742728138353135225e-04
2.906318283744505180e-07,2.872852367959827120e+02,-2.190041703851247981e-02,2.280149059971976061e-02,1.229461719601986727e-08,9.891017612463315345e-01,-3.711701200889878927e-04,3.742740160419394391e-04
3.029264455704703853e-07,2.882743385572290435e+02,-2.227158715860146770e-02,2.317576461576170005e-02,-1.925881652657949354e-09,9.890611866367180482e-01,-3.711692325309053075e-04,3.742737090662515143e-04
3.010005639178124359e-07,2.892633997438657616e+02,-2.264275639113237301e-02,2.355003832482795156e-02,-1.547313436382432014e-09,9.890202550471371978e-01,-3.711682928207726828e-04,3.742748049252210552e-04
2.994532504814300039e-07,2.902524199989128988e+02,-2.301392468395314569e-02,2.392431312975317262e-02,-1.233508123318400167e-09,9.889464710484503485e-01,-3.711688262741548450e-04,3.742729384652622449e-04
2.982197423581116038e-07,2.912413664699613491e+02,-2.338509351022730054e-02,2.429858606821843486e-02,-1.009028081437613752e-09,9.889352500633208365e-01,-3.711677832192797344e-04,3.742739293021400682e-04
2.972107142766739900e-07,2.922303017200246700e+02,-2.375626129344658027e-02,2.467285999752057493e-02,-8.448292763443339770e-10,9.888603171270347048e-01,-3.711666878397079650e-04,3.742734133712205535e-04
2.963658850003296560e-07,2.932191620371517047e+02,-2.412742798128628824e-02,2.504713341089179549e-02,-7.248898226170331850e-10,9.887849966825115189e-01,-3.711670671504539720e-04,3.742742983331021067e-04
2.956409951777126228e-07,2.942079470338342162e+02,-2.449859504843674221e-02,2.542140770922489759e-02,-6.369559512792540411e-10,9.887710667456417468e-01,-3.711673957212634212e-04,3.742736777332701659e-04
2.950040392264333688e-07,2.951967181005798579e+02,-2.486976244415800563e-02,2.579568138695816776e-02,-5.726512221730817811e-10,9.886937682613279321e-01,-3.711676734959312718e-04,3.742730054309556520e-04
2.944313880042602870e-07,2.961854118688411859e+02,-2.524093011765393690e-02,2.616995439238912341e-02,-5.254396087960277792e-10,9.886791604177460613e-01,-3.711663716432014870e-04,3.742751836490580686e-04
2.939059483954642592e-07,2.971740910292589319e+02,-2.561209648929713839e-02,2.654422957603818148e-02,-4.906868439505150068e-10,9.886003022210729796e-01,-3.711665465198840663e-04,3.742744059440049342e-04
2.934152615515137442e-07,2.981626913314800049e+02,-2.598326303581702246e-02,2.691850398198218641e-02,-4.650666729848280746e-10,9.885206389052996201e-01,-3.711666704290794705e-04,3.742735767124708013e-04
2.929501948785289162e-07,2.991512119703853045e+02,-2.635442970624610193e-02,2.729277755869465721e-02,-4.462360794270060062e-10,9.885028941333189323e-01,-3.711667433144091865e-04,3.742726960121907365e-04
2.925039587991019102e-07,3.001397148645186235e+02,-2.672559644956051111e-02,2.766705025470684795e-02,-4.322048978166610406e-10,9.884538879447859472e-01,-3.711667651186620343e-04,3.742746617251754837e-04
2.920717539012852491e-07,3.011281687524634094e+02,-2.709676321467917315e-02,2.804132491643202343e-02,-4.218933648778494897e-10,9.883718811834114604e-01,-3.711667357849043891e-04,3.742736760934325946e-04
2.916498605364073996e-07,3.021165406336468209e+02,-2.746792995046407754e-02,2.841559859252545603e-02,-4.138977242698581023e-10,9.883518610211012856e-01,-3.711666552565356936e-04,3.742726391686261589e-04
2.912359628121375415e-07,3.031048924946679222e+02,-2.783909660572061323e-02,2.878987123169408219e-02,-4.081233110720646344e-10,9.882691435662991353e-01,-3.711665234760741505e-04,3.742744455802991810e-04
2.908278395010654769e-07,3.040931616382342213e+02,-2.821026312919668738e-02,2.916414567727438137e-02,-4.035571590230401030e-10,9.882161880889270833e-01,-3.711694070274926260e-04,3.742733040772161512e-04
2.904242823420424368e-07,3.050813778263231484e+02,-2.858143253622418001e-02,2.953841898135159752e-02,-4.002360797788430959e-10,9.881633202199395782e-01,-3.711661070700464360e-04,3.742750038615606789e-04
2.900240462622635937e-07,3.060695411465430880e+02,-2.895259864329422644e-02,2.991269398521315820e-02,-3.974160426693645673e-10,9.881402668179930515e-01,-3.711658211922388984e-04,3.742737580154642529e-04
2.896266302195942291e-07,3.070576814133610810e+02,-2.932376446448646534e-02,3.028696774322862245e-02,-3.953601169761303093e-10,9.880535688403142558e-01,-3.711654838339031870e-04,3.742724611685011027e-04
2.892312701026180988e-07,3.080457349822013953e+02,-2.969492994832036853e-02,3.066124020439712355e-02,-3.936628151459832035e-10,9.879983948529797999e-01,-3.711681661351488859e-04,3.742740025378075985e-04
2.888376072874721156e-07,3.090337333770543751e+02,-3.006609811445551741e-02,3.103551420693493115e-02,-3.921068209092684687e-10,9.879424546771815585e-01,-3.711677279248162820e-04,3.742754897781384871e-04
2.884455004665628471e-07,3.100216758317315566e+02,-3.043726584238033370e-02,3.140978969671306964e-02,-3.910151239420908563e-10,9.878848779163718064e-01,-3.711672380637964785e-04,3.742740359519089455e-04
2.880544853426207563e-07,3.110095607096479284e+02,-3.080843308044413018e-02,3.178406373266497859e-02,-3.898445653989214342e-10,9.878265282615075193e-01,-3.711666964946389036e-04,3.742725313576542034e-04
2.876646407772218349e-07,3.119973872379094360e+02,-3.117959977693876908e-02,3.215833626402263279e-02,-3.890053899326853058e-10,9.877682800265006335e-01,-3.711661031599554350e-04,3.742738608908807718e-04
2.872756353872891495e-07,3.129851555179359366e+02,-3.155076588009872451e-02,3.253261012491351356e-02,-3.881063862663243295e-10,9.877092649414862535e-01,-3.711654580024342787e-04,3.742751365331184465e-04
2.868875290010228252e-07,3.139728647828774228e+02,-3.192193133810115879e-02,3.290688526144663201e-02,-3.873878423550652368e-10,9.876486041503653723e-01,-3.711678390081879497e-04,3.742734756646409755e-04
2.865001411586677600e-07,3.149605133870277882e+02,-3.229309917710934674e-02,3.328115873711127298e-02,-3.866249642837490075e-10,9.875871698520199971e-01,-3.711670923176660364e-04,3.742717642615592255e-04
2.861135161943840110e-07,3.159481005568798082e+02,-3.266426626942701278e-02,3.365543050137283221e-02,-3.858627044416639466e-10,9.875267276907493397e-01,-3.711662936328047335e-04,3.742757634241158926e-04
2.857276534899423470e-07,3.169356272845705575e+02,-3.303543256305981751e-02,3.402970626479694810e-02,-3.853318296577830104e-10,9.874953218396171906e-01,-3.711654428961361218e-04,3.742739468107908474e-04
2.853423216602845640e-07,3.179231226064101747e+02,-3.340659800595595363e-02,3.440398021160773895e-02,-3.844259913474215991e-10,9.874000184352667020e-01,-3.711676226671942191e-04,3.742720798370208213e-04
2.849578956689371424e-07,3.189105226248454414e+02,-3.377776562862314785e-02,3.477825229144475977e-02,-3.840416005465731789e-10,9.873688657137336122e-01,-3.711666699427948468e-04,3.742759171387749495e-04
2.845738540683905692e-07,3.198978914905591751e+02,-3.414893229856594270e-02,3.515252820858353472e-02,-3.831909045488519677e-10,9.873036012218108226e-01,-3.711656649945729858e-04,3.742739453087839951e-04
2.841906631638417173e-07,3.208851950917809859e+02,-3.452009796356051569e-02,3.552680215389231871e-02,-3.826709994098912031e-10,9.872059491171398804e-01,-3.711676938168220752e-04,3.742719232921187800e-04
2.838079921644318261e-07,3.218724010408981258e+02,-3.489126565737733776e-02,3.590107407718443749e-02,-3.820353669634496554e-10,9.871725282823149428e-01,-3.711665865394897512e-04,3.742755992672749943e-04
2.834259567974683764e-07,3.228595735691804407e+02,-3.526243224391682751e-02,3.627534967645171249e-02,-3.813673198854763800e-10,9.871049484097511595e-01,-3.711654268664169032e-04,3.742734727476271228e-04
2.830445894775829000e-07,3.238466785175901919e+02,-3.563359767078324442e-02,3.664962314919933961e-02,-3.806952131477817460e-10,9.870691407122649252e-01,-3.711673042296401159e-04,3.742741681247510610e-04
2.826638942644351183e-07,3.248337476583024568e+02,-3.600476497501288453e-02,3.702389731732409067e-02,-3.802363450995032881e-10,9.869683790636827325e-01,-3.711660418850848409e-04,3.742719394872195959e-04
2.822836579193356150e-07,3.258207160373661395e+02,-3.637593101689796937e-02,3.739816925681131027e-02,-3.793926357154575896e-10,9.869319560382336931e-01,-3.711678187565820020e-04,3.742754004743137353e-04
2.819042652836201574e-07,3.268076479934043732e+02,-3.674709883565455137e-02,3.777244465728562400e-02,-3.789346114762131095e-10,9.868613110567707736e-01,-3.711664535132191967e-04,3.742730678031255809e-04
2.815253306721439443e-07,3.277945093044611440e+02,-3.711826528916777057e-02,3.814671772508874958e-02,-3.781877890898008452e-10,9.867907984581165692e-01,-3.711681296666297092e-04,3.742735529645782599e-04
2.811471428830541435e-07,3.287813001029192606e+02,-3.748943341883440028e-02,3.852099127805332784e-02,-3.775555228403301730e-10,9.867195164246140848e-01,-3.711666612962322143e-04,3.742739851827214803e-04
2.807695873602138133e-07,3.297680196193438746e+02,-3.786060008013063249e-02,3.889526526323604932e-02,-3.769374005164722821e-10,9.866791807856429841e-01,-3.711651401276383488e-04,3.742743645163623678e-04
2.803926499596973410e-07,3.307546988001295176e+02,-3.823176522025827084e-02,3.926953962775241169e-02,-3.763780225201155098e-10,9.866063822468049693e-01,-3.711666636300528510e-04,3.742746910248978542e-04
2.800162719371772255e-07,3.317413051823763226e+02,-3.860293188388832369e-02,3.964381431877730955e-02,-3.756469589163538409e-10,9.865318977459764938e-01,-3.711681376677988808e-04,3.742721014435776428e-04
2.796406249782608717e-07,3.327278370801222991e+02,-3.897410002155612258e-02,4.001808642022088719e-02,-3.750357213694648572e-10,9.864584732304138015e-01,-3.711664623574154054e-04,3.742751868746896360e-04
2.792655892568914068e-07,3.337142955533527129e+02,-3.934526648391353798e-02,4.039236160709557683e-02,-3.743466893954422221e-10,9.864142060305880477e-01,-3.711678349968827728e-04,3.742724940810349121e-04
2.788912425674959646e-07,3.347007097593833009e+02,-3.971643431891042075e-02,4.076663410117661174e-02,-3.737637031320429791e-10,9.863392678349214293e-01,-3.711660558734161675e-04,3.742754721318200528e-04
2.785174788643639216e-07,3.356870490272182224e+02,-4.008760037478383692e-02,4.114090957330843179e-02,-3.731274956289513702e-10,9.862617168116685207e-01,-3.711673268870160913e-04,3.742726763598588913e-04
2.781443513687349702e-07,3.366733107440298909e+02,-4.045876770167085301e-02,4.151518224966829068e-02,-3.724308989090794693e-10,9.862161111729506047e-01,-3.711654437211012181e-04,3.742726892973988195e-04
2.777719204698258908e-07,3.376595268552028415e+02,-4.082993314539195423e-02,4.188945493896568950e-02,-3.718120584748181818e-10,9.861388898382870138e-01,-3.711666128812310395e-04,3.742755067224004528e-04
2.774001084113510726e-07,3.386456657450411285e+02,-4.120109975827318527e-02,4.226373044568808995e-02,-2.279873805835573830e-05,9.859804954621154138e-01,-3.763901734218644268e-04,3.795015716832883523e-04
-2.252133794994438601e-05,3.396316462405032439e+02,-4.157748993169504970e-02,4.264323201737137831e-02,-4.084101714446107339e-04,9.847242256624895163e-01,-4.292561233351158134e-04,4.324114273699525279e-04
-4.309315093945551402e-04,3.406163704661657334e+02,-4.200674605503016551e-02,4.307564344474133083e-02,4.311223858167439332e-04,9.855985228840609125e-01,-4.293098674978818030e-04,4.324585031253783129e-04
1.908764221888019666e-07,3.416019689890497943e+02,-4.243605592252804731e-02,4.350810194786670915e-02,3.163269352078436476e-07,9.850160522782971384e-01,-4.293013865762293491e-04,4.324341341562162877e-04
5.072033573966456142e-07,3.425869850413280915e+02,-4.286535730910427666e-02,4.394053608202292543e-02,-8.730415330469783962e-08,9.849193774560376369e-01,-4.293052639308472807e-04,4.324382247837543769e-04
4.198992040919477746e-07,3.435719044187841291e+02,-4.329466257303512394e-02,4.437297430680667981e-02,9.264295722149249230e-09,9.848516997786305183e-01,-4.293152939701116999e-04,4.324365299949520236e-04
4.291634998140970238e-07,3.445567561185627596e+02,-4.372397786700523564e-02,4.480541083680163184e-02,6.850831881928198652e-09,9.847511437058074080e-01,-4.293159134546170597e-04,4.324347565898140067e-04
4.360143316960252225e-07,3.455415072622685670e+02,-4.415329378045985270e-02,4.523784559339144584e-02,4.774935848437662593e-09,9.846505110962198160e-01,-4.293226867684782344e-04,4.324357518567731318e-04
4.407892675444628851e-07,3.465261577733647869e+02,-4.458261646722833094e-02,4.567028134524821897e-02,3.334269314093308155e-09,9.845488638483175237e-01,-4.293231547425613304e-04,4.324366650196309614e-04
4.441235368585561932e-07,3.475107066372131044e+02,-4.501193962197089227e-02,4.610271801026784994e-02,2.294668297091930930e-09,9.844781394477877257e-01,-4.293235441365367278e-04,4.324374961847399224e-04
4.464182051556481242e-07,3.484951847766608921e+02,-4.544126316610742899e-02,4.653515550645258986e-02,1.540336853369442374e-09,9.843735394565555907e-01,-4.293238548491382089e-04,4.324354019641651892e-04
4.479585420090175665e-07,3.494795583161174477e+02,-4.587058702095656720e-02,4.696759090841675505e-02,9.911528930203851617e-10,9.843017847005626209e-01,-4.293272082395507838e-04,4.324389141750067944e-04
4.489496949020379517e-07,3.504638601008180103e+02,-4.629991422919611799e-02,4.740002982259176184e-02,5.897414522008679988e-10,9.841951764745431319e-01,-4.293273639651845608e-04,4.324366589450318044e-04
4.495394363542388197e-07,3.514480552772925535e+02,-4.672924159316130255e-02,4.783246648153679365e-02,2.957665839871463847e-10,9.840875468720469144e-01,-4.293274407059580189e-04,4.324343258252441591e-04
4.498352029382259661e-07,3.524321428241646004e+02,-4.715856903386726057e-02,4.826490080736203780e-02,8.000122787302709707e-11,9.840128126221543425e-01,-4.293274383602441180e-04,4.324375920776099558e-04
4.499152041660989932e-07,3.534161556367867547e+02,-4.758789647222750469e-02,4.869733839943964776e-02,-7.858832025087332971e-11,9.839351903607393979e-01,-4.293273568259092787e-04,4.324350985756009180e-04
4.498366158458481199e-07,3.544000908271474941e+02,-4.801722382905341396e-02,4.912977349801524868e-02,-1.952620465491524501e-10,9.838264762186668122e-01,-4.293303241699880646e-04,4.324381997453524695e-04
4.496413537992989674e-07,3.553839173033661609e+02,-4.844655415322340203e-02,4.956221169776060115e-02,-2.814228349846677525e-10,9.837157887734520045e-01,-4.293269571269478502e-04,4.324383811797824495e-04
4.493599309643142997e-07,3.563676330921396129e+02,-4.887588111035034988e-02,4.999465007894038360e-02,-3.446862962531812270e-10,9.836342128970727572e-01,-4.293297682713345664e-04,4.324328142162811583e-04
4.490152446680611184e-07,3.573512673050366857e+02,-4.930521087862168444e-02,5.042708289315666476e-02,-3.913901569693716591e-10,9.835234421341283451e-01,-4.293293716513893465e-04,4.324385034542230222e-04
4.486238545110917468e-07,3.583347907471708140e+02,-4.973454025027307379e-02,5.085952139661088778e-02,-4.258202284273576793e-10,9.834418125716979375e-01,-4.293288953338275649e-04,4.324384420526586337e-04
4.481980342826643891e-07,3.593182325597425120e+02,-5.016386914560690136e-02,5.129195983866354641e-02,-4.510396573263043757e-10,9.833572660093636841e-01,-4.293283392160854306e-04,4.324326399150618672e-04
4.477469946253380847e-07,3.603015898257518757e+02,-5.059319748482298679e-02,5.172439247857860828e-02,-4.698889418720178293e-10,9.832435063353273108e-01,-4.293277031955020084e-04,4.324380795953930434e-04
4.472771056834660669e-07,3.612848333320872030e+02,-5.102252518801848880e-02,5.215683055817400132e-02,-4.832895557195574621e-10,9.831589157662961043e-01,-4.293301247537475995e-04,4.324377763011907905e-04
4.467938161277465094e-07,3.622679922478534991e+02,-5.145185531277223639e-02,5.258926833447519211e-02,-4.934322997942705968e-10,9.830412108808559424e-01,-4.293261923830130056e-04,4.324373925857147305e-04
4.463003838279522388e-07,3.632510334587343550e+02,-5.188118150515524940e-02,5.302170572706090684e-02,-5.006494736248876716e-10,9.829546364121597435e-01,-4.293284563181634650e-04,4.324369285534646057e-04
4.457997343543273512e-07,3.642339880951465148e+02,-5.231050996147341287e-02,5.345414265561437145e-02,-5.057187771810260968e-10,9.828670828659369363e-01,-4.293306439848154632e-04,4.324363843087944415e-04
4.452940155771463251e-07,3.652168551780124517e+02,-5.273984060545822833e-02,5.388657903992316589e-02,-5.095910754233552008e-10,9.827463747638489622e-01,-4.293264693302142887e-04,4.324357599558292797e-04
4.447844245017229699e-07,3.661996015527763007e+02,-5.316916707478844262e-02,5.431901479987899517e-02,-5.121052308987547437e-10,9.826568360238070454e-01,-4.293347874162675715e-04,4.324350555991729461e-04
4.442723192708242151e-07,3.671822583888001077e+02,-5.359850186220471019e-02,5.475144985547816812e-02,-5.139694943632561742e-10,9.825682855775994540e-01,-4.293241629726579633e-04,4.324399117966101769e-04
4.437583497764609589e-07,3.681648266743777071e+02,-5.402782602517736815e-02,5.518388976727477829e-02,-5.150199924182028634e-10,9.824748227613895324e-01,-4.293323278180410929e-04,4.324334048519395957e-04
4.432433297840427561e-07,3.691473014971390967e+02,-5.445715835299540925e-02,5.561632317212671789e-02,-5.156866744658415843e-10,9.823520913541301525e-01,-4.293278304820305480e-04,4.324380966864924125e-04
4.427276431095769145e-07,3.701296535884932268e+02,-5.488648618347743979e-02,5.604876126881321030e-02,-5.161133246385481434e-10,9.822586132124797587e-01,-4.293295476262420918e-04,4.324370684825815103e-04
4.422115297849383663e-07,3.711119122017057066e+02,-5.531581573110368188e-02,5.648119833729579181e-02,-5.160556306989231021e-10,9.821319000401445010e-01,-4.293248856295922566e-04,4.324359607976099862e-04
4.416954741542394432e-07,3.720940441017458511e+02,-5.574514061673327414e-02,5.691363429809340180e-02,-5.160222586520221097e-10,9.820687017648310757e-01,-4.293327481872874496e-04,4.324347737350575649e-04
4.411794518955874211e-07,3.730761128035106822e+02,-5.617447336492056159e-02,5.734606907182845936e-02,-5.157868790341372767e-10,9.819419898448131789e-01,-4.293279265282917700e-04,4.324391332369212360e-04
4.406636650165532839e-07,3.740580547933554953e+02,-5.660380129144885336e-02,5.777850820506538060e-02,-5.153720916561128360e-10,9.818445688071051336e-01,-4.293293297587888468e-04,4.324377828658562684e-04
4.401482929248971710e-07,3.750398993621626005e+02,-5.703313062120764221e-02,5.821094598793123687e-02,-5.147967113247987652e-10,9.817461663326980670e-01,-4.293306556110224048e-04,4.324363534310357582e-04
4.396334962135723723e-07,3.760216455284952985e+02,-5.746246127681866461e-02,5.864338234136227263e-02,-5.145507715797126870e-10,9.816467822167851409e-01,-4.293255882747842866e-04,4.324348450355300355e-04
4.391189454419926596e-07,3.770032923107120837e+02,-5.789178686509344890e-02,5.907581718639780266e-02,-5.138047823255899795e-10,9.815160862070229086e-01,-4.293330720677238088e-04,4.324388738981416180e-04
4.386051406596670696e-07,3.779848083969191066e+02,-5.832111993716117271e-02,5.950825606029594428e-02,-5.131605100363073470e-10,9.814470656568801132e-01,-4.293278440462428014e-04,4.324372030353046403e-04
4.380919801496307622e-07,3.789662554625759867e+02,-5.875044778120741551e-02,5.994069326333124892e-02,-5.126239160246625402e-10,9.813123823859086770e-01,-4.293288539509720891e-04,4.324354535243171704e-04
4.375793562336060997e-07,3.799475678449618954e+02,-5.917977663515838760e-02,6.037312871685556609e-02,-5.119085545487469381e-10,9.812414234851303263e-01,-4.293297859710096254e-04,4.324336254685479108e-04
4.370674476790573528e-07,3.809288092684470257e+02,-5.960910642112939722e-02,6.080556234232411400e-02,-5.113564406706292811e-10,9.811067662657819710e-01,-4.293243107232197486e-04,4.324373253797378358e-04
4.365560912383867235e-07,3.819099160347128077e+02,-6.003843073185261697e-02,6.123799966770385184e-02,-5.106369618653893813e-10,9.810014755736347070e-01,-4.293314132355202650e-04,4.324353356944671267e-04
4.360454542765213341e-07,3.828909175102864424e+02,-6.046776214508813724e-02,6.167043500339831896e-02,-5.099361898849100025e-10,9.808972263415967063e-01,-4.293257762753369122e-04,4.324388693382336113e-04
4.355355180866364241e-07,3.838718147366280391e+02,-6.089708792136347415e-02,6.210287387273655257e-02,-5.092738394300911530e-10,9.807899762086549345e-01,-4.293327277446051804e-04,4.324367184450755852e-04
4.350262442472063329e-07,3.848526047128366940e+02,-6.132642064910807933e-02,6.253531059118162816e-02,-5.084301016222667226e-10,9.806817425687199830e-01,-4.293269286627168779e-04,4.324344895263732003e-04
4.345178141455840662e-07,3.858332864554054140e+02,-6.175574757777079621e-02,6.296774508070800136e-02,-5.078752309865367065e-10,9.805745601644275666e-01,-4.293273858052282232e-04,4.324377769851089903e-04
4.340099389145975295e-07,3.868138610155698416e+02,-6.218507496357602443e-02,6.340018285769311035e-02,-5.071051662965785084e-10,9.804968314158486464e-01,-4.293341099587469345e-04,4.324353874855940694e-04
4.335028337483009510e-07,3.877943578469856902e+02,-6.261440907353477137e-02,6.383261824517870442e-02,-5.064257360649586456e-10,9.803552423868495680e-01,-4.293280669249027737e-04,4.324385097349003892e-04
4.329964080122359924e-07,3.887747130893725398e+02,-6.304373714045967414e-02,6.426505675491360481e-02,-5.056379520159558796e-10,9.802430864922939691e-01,-4.293282879750948133e-04,4.324359600741539689e-04
4.324907700602200365e-07,3.897549561758648338e+02,-6.347306542843476895e-02,6.469749271498775878e-02,-5.049811937876395256e-10,9.801319947617344042e-01,-4.293284301242206169e-04,4.324389175370396687e-04
4.319857888664323970e-07,3.907350881706265682e+02,-6.390239385855898957e-02,6.512993163252479845e-02,-5.042371572793558909e-10,9.800503948597452109e-01,-4.293284932705004886e-04,4.324362081334770513e-04
4.314815517091530411e-07,3.917151385654863134e+02,-6.433172235182949006e-02,6.556236784065827550e-02,-5.035149860852372114e-10,9.799027864698928170e-01,-4.293284773120853437e-04,4.324334214289848877e-04
4.309780367230678039e-07,3.926950413519562062e+02,-6.476105082914157540e-02,6.599480126208726039e-02,-5.027269638859862427e-10,9.798213018456181089e-01,-4.293283821471677308e-04,4.324361349165584123e-04
4.304753097591818176e-07,3.936748626538018243e+02,-6.519037921128874313e-02,6.642723739700381880e-02,-5.021361239433173927e-10,9.796737657553649115e-01,-4.293282076734544761e-04,4.324387640728399873e-04
4.299731736352385002e-07,3.946545364195571892e+02,-6.561970741896219761e-02,6.685967616107665878e-02,-5.012005976751262439e-10,9.795882913803097836e-01,-4.293279537889577169e-04,4.324357364354630695e-04
4.294719730375633740e-07,3.956341247109374990e+02,-6.604903537275115533e-02,6.729211189751212185e-02,-5.006774636438176888e-10,9.794713555912153424e-01,-4.293339905654114386e-04,4.324382020707145946e-04
4.289712955739195563e-07,3.966135960665287143e+02,-6.647836936331656676e-02,6.772455009958283645e-02,-4.997960615305237014e-10,9.793513715771382522e-01,-4.293272101143080777e-04,4.324350159423256956e-04
4.284714995123890326e-07,3.975929474381058526e+02,-6.690769657343087484e-02,6.815698511552516214e-02,-4.990456163844077886e-10,9.792650880345945552e-01,-4.293267173849368845e-04,4.324373184766555633e-04
4.279724538960046248e-07,3.985722125261404472e+02,-6.733702329081581173e-02,6.858942243400181771e-02,-4.985106769002712433e-10,9.791126199562540933e-01,-4.293325232195832619e-04,4.324395372116013325e-04
4.274739432191043536e-07,3.995513251460967012e+02,-6.776635581403539499e-02,6.902186197121341904e-02,-4.975650125803376749e-10,9.790223276382334916e-01,-4.293254951025921029e-04,4.324361117208491700e-04
4.269763782065240159e-07,4.005303474737349347e+02,-6.819568130913798709e-02,6.945429808293426821e-02,-4.969172638280233076e-10,9.788984378666327757e-01,-4.293311464696053514e-04,4.324326098576053434e-04
4.264794609426959926e-07,4.015092459116015675e+02,-6.862501245560759244e-02,6.988673069279187355e-02,-4.961241915160615803e-10,9.788104031758848578e-01,-4.293303393279046531e-04,4.324401431762686654e-04
4.259833367511799310e-07,4.024880563147774524e+02,-6.905434279493549710e-02,7.031917083596814222e-02,-4.954613867702092454e-10,9.786519024438575798e-01,-4.293294519591012159e-04,4.324364792629431520e-04
4.254878753644097217e-07,4.034667082172213100e+02,-6.948367224689459831e-02,7.075160731523108537e-02,-4.946193249288793066e-10,9.785598505857819873e-01,-4.293284842599165430e-04,4.324382902096968184e-04
4.249932560394808424e-07,4.044452680678070919e+02,-6.991300073115451486e-02,7.118404560544078219e-02,-4.940290240477189682e-10,9.784320585026193839e-01,-4.293274361274468376e-04,4.324344694700693603e-04
4.244992270154331235e-07,4.054237001263097113e+02,-7.034232816728196169e-02,7.161648007491085155e-02,-4.931670973870573890e-10,9.783380975816271530e-01,-4.293263074587883033e-04,4.324361189964043284e-04
4.240060599180460661e-07,4.064020382238913385e+02,-7.077165447474075000e-02,7.204891619390725588e-02,-4.923854204879030343e-10,9.782104687922128505e-01,-4.293314984793461520e-04,4.324376855704276101e-04
4.235136744975581631e-07,4.073802486926835513e+02,-7.120098597322009615e-02,7.248135387947768349e-02,-4.917228693902489799e-10,9.780797527907907352e-01,-4.293302139252441751e-04,4.324336279685064843e-04
4.230219516281679141e-07,4.083583284454743421e+02,-7.163031618714534032e-02,7.291378750744618997e-02,-4.909764251476670340e-10,9.779850292069340867e-01,-4.293288485285734479e-04,4.324405726846836107e-04
4.225309752030202470e-07,4.093363134746812761e+02,-7.205964503567391377e-02,7.334622808013087358e-02,-4.902358729275701986e-10,9.778523761044084495e-01,-4.293274021856252620e-04,4.324363545009507481e-04
4.220407393300926768e-07,4.103141658507856846e+02,-7.248897243785953903e-02,7.377866443463182433e-02,-4.892956788950113412e-10,9.777187343958644306e-01,-4.293258747933986763e-04,4.324320609724735531e-04
4.215514436511976655e-07,4.112918845851815490e+02,-7.291829831265293771e-02,7.421109649560429788e-02,-4.888386242993272690e-10,9.776211437630308865e-01,-4.293306803308527542e-04,4.324387557065462184e-04
4.210626050268983382e-07,4.122695057289445799e+02,-7.334762899298379046e-02,7.464353525131084410e-02,-4.878234240085639957e-10,9.774876891747226182e-01,-4.293289960371482472e-04,4.324398315835864537e-04
4.205747816028897742e-07,4.132469934181193025e+02,-7.377695798902093871e-02,7.507597508289443056e-02,-4.872012790450891015e-10,9.773839484138875378e-01,-4.293272303863837625e-04,4.324352982792711853e-04
4.200875803238446851e-07,4.142243773665331901e+02,-7.420628521940732247e-02,7.550841038117370174e-02,-4.864457355848467151e-10,9.772485547007931928e-01,-4.293318056242528824e-04,4.324362146204685509e-04
4.196011345882598384e-07,4.152016259212339833e+02,-7.463561702503157536e-02,7.594084659579417029e-02,-4.856958068828714354e-10,9.771450294818464499e-01,-4.293298824633307031e-04,4.324370489607043400e-04
4.191154387813769670e-07,4.161787709507158297e+02,-7.506494690749490606e-02,7.637328364475487463e-02,-4.849727852947787669e-10,9.770077023295584695e-01,-4.293278776369563454e-04,4.324378014045199281e-04
4.186304659960821882e-07,4.171557786530453882e+02,-7.549427478513186240e-02,7.680572144615939456e-02,-4.841846986532082315e-10,9.768672533472226860e-01,-4.293257910411157896e-04,4.324329546394750645e-04
4.181462812974289800e-07,4.181326459063926109e+02,-7.592360057617297819e-02,7.723815440079886963e-02,-4.835314653499078379e-10,9.767629918098919006e-01,-4.293300559594231958e-04,4.324390634138502998e-04
4.176627498320790721e-07,4.191094088982025028e+02,-7.635293063213240139e-02,7.767059346421271993e-02,-4.826527893960080229e-10,9.766535028192606660e-01,-4.293278110368697886e-04,4.324340581542268636e-04
4.171800970426830641e-07,4.200860624010217634e+02,-7.678225844316927118e-02,7.810302752236694679e-02,-4.819824076899325041e-10,9.765144511201242494e-01,-4.293319229500131007e-04,4.324399991038480051e-04
4.166981146349931316e-07,4.210625768521418877e+02,-7.721159036611928428e-02,7.853546752147079479e-02,-4.810973040399590978e-10,9.764030466268422970e-01,-4.293295192947382821e-04,4.324348357676449650e-04
4.162170173309531725e-07,4.220389798987687300e+02,-7.764091988541402256e-02,7.896790235723843976e-02,-4.804436106028448881e-10,9.762928485068869122e-01,-4.293270333552146045e-04,4.324351038154511384e-04
4.157365737203503276e-07,4.230152727472756169e+02,-7.807024691876923717e-02,7.940033746105389090e-02,-4.797592779877835920e-10,9.761487546556963935e-01,-4.293309122396365973e-04,4.324352907025402759e-04
4.152568144423625440e-07,4.239914215019313133e+02,-7.849957783100887376e-02,7.983277275175643117e-02,-4.788343659227534695e-10,9.760058431086235942e-01,-4.293282669540765539e-04,4.324408972772864068e-04
4.147779800764397906e-07,4.249674273450399369e+02,-7.892890609796295032e-02,8.026521364903371758e-02,-4.781563003768316307e-10,9.759235855372594415e-01,-4.293255390730721377e-04,4.324354190376328289e-04
4.142998237760629589e-07,4.259433509305771963e+02,-7.935823163703602245e-02,8.069764906807135041e-02,-4.774686009573180171e-10,9.757436054635491018e-01,-4.293291840146429283e-04,4.324353630746208266e-04
4.138223551751056409e-07,4.269190945360407454e+02,-7.978756082105066538e-02,8.113008443114597124e-02,-4.765984650578901060e-10,9.756616235615638288e-01,-4.293327544673958274e-04,4.324352263710140587e-04
4.133457567100477508e-07,4.278947561596023093e+02,-8.021689357551806121e-02,8.156251965751698529e-02,-4.759013084221350157e-10,9.755148752291233905e-01,-4.293297892651593006e-04,4.324405002683745503e-04
4.128698554016256158e-07,4.288702710348314326e+02,-8.064622336478322051e-02,8.199496015778535984e-02,-4.751498747373241638e-10,9.753958273334433215e-01,-4.293267410547668694e-04,4.324347087871494022e-04
4.123947055268882916e-07,4.298456668621648760e+02,-8.107555010583798738e-02,8.242739486657250925e-02,-4.745011873401024011e-10,9.752780096108040198e-01,-4.293300763487939431e-04,4.324343304912409147e-04
4.119202043395481892e-07,4.308209448717756800e+02,-8.150488018218678132e-02,8.285982919706375016e-02,-8.770162077002849159e-04,9.718032659591244737e-01,-5.018902359277266356e-04,5.050519161497041276e-04
-8.766042874959453562e-04,4.317927481377348045e+02,-8.200677041811450796e-02,8.336488111321345429e-02,7.180880107890611321e-04,9.726919305610977062e-01,-5.223515229922370828e-04,5.255257115138883828e-04
-1.585162767068842241e-04,4.327654400682959022e+02,-8.252912194110674504e-02,8.389040682472734267e-02,1.593240456125832850e-04,9.719023024993020954e-01,-5.223524983302973990e-04,5.255071433792751767e-04
8.077689056990484411e-07,4.337373423707952043e+02,-8.305147443943704244e-02,8.441591396810661785e-02,-8.162369707954748746e-09,9.715120806382060437e-01,-5.223598125723150076e-04,5.254994096471760079e-04
7.996065359910936923e-07,4.347088544514334103e+02,-8.357383425200935745e-02,8.494141337775379386e-02,-3.700875825404331898e-08,9.713873563944730449e-01,-5.223669956427312577e-04,5.254970152998722499e-04
7.625977777370503733e-07,4.356802418078278833e+02,-8.409620124765208871e-02,8.546691039305366611e-02,1.285174643354194894e-08,9.711640929648410747e-01,-5.223740473299653964e-04,5.254999490533068807e-04
7.754495241705923223e-07,4.366514059007927244e+02,-8.461857529498205410e-02,8.599241034210697299e-02,9.196747929552387540e-09,9.710034942520451295e-01,-5.223744772482469267e-04,5.254972667271401443e-04
7.846462721001447098e-07,4.376224093950447696e+02,-8.514094977223030103e-02,8.651790760883411313e-02,6.483204591897959384e-09,9.708437385359616201e-01,-5.223812587512310923e-04,5.254999072097504831e-04
7.911294766920426692e-07,4.385932531335807312e+02,-8.566333103098153212e-02,8.704340751604386361e-02,4.555452845383246610e-09,9.706494391003843702e-01,-5.223879082299903720e-04,5.255023985305529166e-04
7.956849295374259158e-07,4.395639025726811155e+02,-8.618571893921152249e-02,8.756890991457441653e-02,3.153297279174985918e-09,9.704515277629184311e-01,-5.223814247656000109e-04,5.254992830773380641e-04
7.988382268166009017e-07,4.405343541004440340e+02,-8.670810036397712250e-02,8.809440919765175459e-02,2.127881728922430938e-09,9.702876403752611623e-01,-5.223877959716072272e-04,5.255014825071568918e-04
8.009661085455233327e-07,4.415046417408192951e+02,-8.723048815994872973e-02,8.861991068015891149e-02,1.373976421627843491e-09,9.700869452152574013e-01,-5.223875273565048438e-04,5.254980813570730991e-04
8.023400849671511762e-07,4.424747286860345525e+02,-8.775287568730523458e-02,8.914540876151598459e-02,8.178676940541069329e-10,9.699203107368248311e-01,-5.223936262029604816e-04,5.254999898107043377e-04
8.031579526612052831e-07,4.434446489967713774e+02,-8.827526931350819506e-02,8.967090875132668892e-02,4.064097199352152551e-10,9.697523209015912471e-01,-5.223865640438668523e-04,5.255017502554110154e-04
8.035643623811404984e-07,4.444144013176729686e+02,-8.879765587755206191e-02,9.019641050158209994e-02,1.013417016439785654e-10,9.695474663926120229e-01,-5.223923828518439727e-04,5.254979194000142240e-04
8.036657040827844769e-07,4.453839487840655806e+02,-8.932004826040390588e-02,9.072190842098211416e-02,-1.252406752811153478e-10,9.693767276063454119e-01,-5.223915473572260382e-04,5.254993902413657159e-04
8.035404634075033616e-07,4.463533255116719261e+02,-8.984243980776113192e-02,9.124740781122347988e-02,-2.939876625605219253e-10,9.692046325177443578e-01,-5.223905678833629107e-04,5.255007137638517678e-04
8.032464757449428396e-07,4.473225301441896704e+02,-9.036483037564449483e-02,9.177290852498733165e-02,-4.194904698151912981e-10,9.689978465058288748e-01,-5.223894442055038168e-04,5.255018901980518242e-04
8.028269852751276483e-07,4.482915279906954993e+02,-9.088721981984999865e-02,9.229841041518538347e-02,-6.200112468929756153e-07,5.284583988155873158e-01,-2.849431647893169162e-04,2.866361316225113365e-04
