Sigma_1,Sigma_2,Epsilon_1,Epsilon_2,dSigma_1,dSigma_2,dEpsilon_1,dEpsilon_2
-0.000000000000000000e+00,-0.000000000000000000e+00,0.000000000000000000e+00,0.000000000000000000e+00,9.900065719921451457e-01,9.900065719921451457e-01,2.655089269315647816e-06,2.655089269315647816e-06
9.900065719921451457e-01,9.900065719921451457e-01,2.655089269315647816e-06,2.655089269315647816e-06,9.900144516941777884e-01,9.900144516941777884e-01,2.655082220057379370e-06,2.655082220057379370e-06
1.980021023686322934e+00,1.980021023686322934e+00,5.310171489373027186e-06,5.310171489373027186e-06,9.900262653659264167e-01,9.900262653659264167e-01,2.655085902388866153e-06,2.655085902388866153e-06
2.970047289052249351e+00,2.970047289052249351e+00,7.965257391761893340e-06,7.965257391761893340e-06,9.900367677695989244e-01,9.900367677695989244e-01,2.655085765101572939e-06,2.655085765101572939e-06
3.960084056821848275e+00,3.960084056821848275e+00,1.062034315686346628e-05,1.062034315686346628e-05,9.900472702164431205e-01,9.900472702164431205e-01,2.655085991500896219e-06,2.655085991500896219e-06
4.950131327038291396e+00,4.950131327038291396e+00,1.327542914836436250e-05,1.327542914836436250e-05,9.900577726970940518e-01,9.900577726970940518e-01,2.655084762622535115e-06,2.655084762622535115e-06
5.940189099735385447e+00,5.940189099735385447e+00,1.593051391098689761e-05,1.593051391098689761e-05,9.900682752360454586e-01,9.900682752360454586e-01,2.655086444241841199e-06,2.655086444241841199e-06
6.930257374971430906e+00,6.930257374971430906e+00,1.858560035522873881e-05,1.858560035522873881e-05,9.900792546460071009e-01,9.900792546460071009e-01,2.655085215330167984e-06,2.655085215330167984e-06
7.920336629617438007e+00,7.920336629617438007e+00,2.124068557055890680e-05,2.124068557055890680e-05,9.900888035652002372e-01,9.900888035652002372e-01,2.655085441655135323e-06,2.655085441655135323e-06
8.910425433182638244e+00,8.910425433182638244e+00,2.389577101221404212e-05,2.389577101221404212e-05,9.901002599185275699e-01,9.901002599185275699e-01,2.655085667959584137e-06,2.655085667959584137e-06
9.900525693101165814e+00,9.900525693101165814e+00,2.655085668017362626e-05,2.655085668017362626e-05,9.901102857686474579e-01,9.901102857686474579e-01,2.655085894243514424e-06,2.655085894243514424e-06
1.089063597886981327e+01,1.089063597886981327e+01,2.920594257441714068e-05,2.920594257441714068e-05,9.901212653448361323e-01,9.901212653448361323e-01,2.655084665494986530e-06,2.655084665494986530e-06
1.188075724421464940e+01,1.188075724421464940e+01,3.186102723991212721e-05,3.186102723991212721e-05,9.901312912931707899e-01,9.901312912931707899e-01,2.655086346753675114e-06,2.655086346753675114e-06
1.287088853550782019e+01,1.287088853550782019e+01,3.451611358666580232e-05,3.451611358666580232e-05,9.901422709539122735e-01,9.901422709539122735e-01,2.655085117971841885e-06,2.655085117971841885e-06
1.386103080646173247e+01,1.386103080646173247e+01,3.717119870463764421e-05,3.717119870463764421e-05,9.901522969875014013e-01,9.901522969875014013e-01,2.655086799181761699e-06,2.655086799181761699e-06
1.485118310344923387e+01,1.485118310344923387e+01,3.982628550381940591e-05,3.982628550381940591e-05,9.901623230179623647e-01,9.901623230179623647e-01,2.655085570366609582e-06,2.655085570366609582e-06
1.584134542646719623e+01,1.584134542646719623e+01,4.248137107418601549e-05,4.248137107418601549e-05,9.901733028491008781e-01,9.901733028491008781e-01,2.655087251527780956e-06,2.655087251527780956e-06
1.683151872931629711e+01,1.683151872931629711e+01,4.513645832571379644e-05,4.513645832571379644e-05,9.901852363469743068e-01,9.901852363469743068e-01,2.655083112257724956e-06,2.655083112257724956e-06
1.782170396566327142e+01,1.782170396566327142e+01,4.779154143797152140e-05,4.779154143797152140e-05,9.901943088279416827e-01,9.901943088279416827e-01,2.655084793607622048e-06,2.655084793607622048e-06
1.881189827449121310e+01,1.881189827449121310e+01,5.044662623157914345e-05,5.044662623157914345e-05,9.902052887942041082e-01,9.902052887942041082e-01,2.655086474925399649e-06,2.655086474925399649e-06
1.980210356328541721e+01,1.980210356328541721e+01,5.310171270650454310e-05,5.310171270650454310e-05,9.902143612955427443e-01,9.902143612955427443e-01,2.655085245812661141e-06,2.655085245812661141e-06
2.079231792458095995e+01,2.079231792458095995e+01,5.575679795231720424e-05,5.575679795231720424e-05,9.902272488704930709e-01,9.902272488704930709e-01,2.655089837250330931e-06,2.655089837250330931e-06
2.178254517345145302e+01,2.178254517345145302e+01,5.841188778956753517e-05,5.841188778956753517e-05,9.902363213245415352e-01,9.902363213245415352e-01,2.655082787544961226e-06,2.655082787544961226e-06
2.277278149477599456e+01,2.277278149477599456e+01,6.106697057711249640e-05,6.106697057711249640e-05,9.902473015348220997e-01,9.902473015348220997e-01,2.655087379155893299e-06,2.655087379155893299e-06
2.376302879631081666e+01,2.376302879631081666e+01,6.372205795626838969e-05,6.372205795626838969e-05,9.902563741850158863e-01,9.902563741850158863e-01,2.655086149976550896e-06,2.655086149976550896e-06
2.475328517049583255e+01,2.475328517049583255e+01,6.637714410624494059e-05,6.637714410624494059e-05,9.902692618225366061e-01,9.902692618225366061e-01,2.655084920788277378e-06,2.655084920788277378e-06
2.574355443231836915e+01,2.574355443231836915e+01,6.903222902703321797e-05,6.903222902703321797e-05,9.902783345464563070e-01,9.902783345464563070e-01,2.655083691813103796e-06,2.655083691813103796e-06
2.673383276686482546e+01,2.673383276686482546e+01,7.168731271884632176e-05,7.168731271884632176e-05,9.902893149488853908e-01,9.902893149488853908e-01,2.655088283073567517e-06,2.655088283073567517e-06
2.772412208181371085e+01,2.772412208181371085e+01,7.434240100191988928e-05,7.434240100191988928e-05,9.903002952434150075e-01,9.903002952434150075e-01,2.655087053827614443e-06,2.655087053827614443e-06
2.871442237705712586e+01,2.871442237705712586e+01,7.699748805574750372e-05,7.699748805574750372e-05,9.903093680793162434e-01,9.903093680793162434e-01,2.655085824572716701e-06,2.655085824572716701e-06
2.970473174513644210e+01,2.970473174513644210e+01,7.965257388032022043e-05,7.965257388032022043e-05,9.903203484475682217e-01,9.903203484475682217e-01,2.655084595530946001e-06,2.655084595530946001e-06
3.069505209358401032e+01,3.069505209358401032e+01,8.230765847585116643e-05,8.230765847585116643e-05,9.903313288577386686e-01,9.903313288577386686e-01,2.655083366258199581e-06,2.655083366258199581e-06
3.168538342244174899e+01,3.168538342244174899e+01,8.496274184210936601e-05,8.496274184210936601e-05,9.903423095000185583e-01,9.903423095000185583e-01,2.655087957365858558e-06,2.655087957365858558e-06
3.267572573194176755e+01,3.267572573194176755e+01,8.761782979947522457e-05,8.761782979947522457e-05,9.903532900055793675e-01,9.903532900055793675e-01,2.655086728266394750e-06,2.655086728266394750e-06
3.366607902194734692e+01,3.366607902194734692e+01,9.027291652774161932e-05,9.027291652774161932e-05,9.903623630271738421e-01,9.903623630271738421e-01,2.655085498713937722e-06,2.655085498713937722e-06
3.465644138497452076e+01,3.465644138497452076e+01,9.292800202645555704e-05,9.292800202645555704e-05,9.903714360755202506e-01,9.903714360755202506e-01,2.655084269818642735e-06,2.655084269818642735e-06
3.564681282105004101e+01,3.564681282105004101e+01,9.558308629627419977e-05,9.558308629627419977e-05,9.903843242225960353e-01,9.903843242225960353e-01,2.655083040248350582e-06,2.655083040248350582e-06
3.663719714527263704e+01,3.663719714527263704e+01,9.823816933652255036e-05,9.823816933652255036e-05,9.903933975636363130e-01,9.903933975636363130e-01,2.655087631425222315e-06,2.655087631425222315e-06
3.762759054283627336e+01,3.762759054283627336e+01,1.008932569679477727e-04,1.008932569679477727e-04,9.904062855914901320e-01,9.904062855914901320e-01,2.655080581731589099e-06,2.655080581731589099e-06
3.861799682842776349e+01,3.861799682842776349e+01,1.035483375496793618e-04,1.035483375496793618e-04,9.904153594787672432e-01,9.904153594787672432e-01,2.655096812977984322e-06,2.655096812977984322e-06
3.960841218790653073e+01,3.960841218790653073e+01,1.062034343626573461e-04,1.062034343626573461e-04,9.904244320270692015e-01,9.904244320270692015e-01,2.655078123148230497e-06,2.655078123148230497e-06
4.059883661993359993e+01,4.059883661993359993e+01,1.088585124858055766e-04,1.088585124858055766e-04,9.904373206410070907e-01,9.904373206410070907e-01,2.655082714005574298e-06,2.655082714005574298e-06
4.158927394057460702e+01,4.158927394057460702e+01,1.115135951998111509e-04,1.115135951998111509e-04,9.904463941965531149e-01,9.904463941965531149e-01,2.655087304807650893e-06,2.655087304807650893e-06
4.257972033477116014e+01,4.257972033477116014e+01,1.141686825046188018e-04,1.141686825046188018e-04,9.904592829390495012e-01,9.904592829390495012e-01,2.655091895554419624e-06,2.655091895554419624e-06
4.357017961771020964e+01,4.357017961771020964e+01,1.168237744001732214e-04,1.168237744001732214e-04,9.904683560842499901e-01,9.904683560842499901e-01,2.655084845838153688e-06,2.655084845838153688e-06
4.456064797379445963e+01,4.456064797379445963e+01,1.194788592460113751e-04,1.194788592460113751e-04,9.904774292389220136e-01,9.904774292389220136e-01,2.655077796603341278e-06,2.655077796603341278e-06
4.555112540303338164e+01,4.555112540303338164e+01,1.221339370426147164e-04,1.221339370426147164e-04,9.904903186596953901e-01,9.904903186596953901e-01,2.655094027209826827e-06,2.655094027209826827e-06
4.654161572169307703e+01,4.654161572169307703e+01,1.247890310698245432e-04,1.247890310698245432e-04,9.904993918995970148e-01,9.904993918995970148e-01,2.655086977704234925e-06,2.655086977704234925e-06
4.753211511359267405e+01,4.753211511359267405e+01,1.274441180475287781e-04,1.274441180475287781e-04,9.905084651489630687e-01,9.905084651489630687e-01,2.655079928236102208e-06,2.655079928236102208e-06
4.852262357874163712e+01,4.852262357874163712e+01,1.300991979757648803e-04,1.300991979757648803e-04,9.905213541876989325e-01,9.905213541876989325e-01,2.655084518836598514e-06,2.655084518836598514e-06
4.951314493292933605e+01,4.951314493292933605e+01,1.327542824946014788e-04,1.327542824946014788e-04,9.905304280870268485e-01,9.905304280870268485e-01,2.655089109381854719e-06,2.655089109381854719e-06
5.050367536101636290e+01,5.050367536101636290e+01,1.354093716039833336e-04,1.354093716039833336e-04,9.905395014310798274e-01,9.905395014310798274e-01,2.655082059902392089e-06,2.655082059902392089e-06
5.149421486244744273e+01,5.149421486244744273e+01,1.380644536638857257e-04,1.380644536638857257e-04,9.905523906294675385e-01,9.905523906294675385e-01,2.655086650398886302e-06,2.655086650398886302e-06
5.248476725307691027e+01,5.248476725307691027e+01,1.407195403142846120e-04,1.407195403142846120e-04,9.905652799022490740e-01,9.905652799022490740e-01,2.655091240618041599e-06,2.655091240618041599e-06
5.347533253297915934e+01,5.347533253297915934e+01,1.433746315549026536e-04,1.433746315549026536e-04,9.905705381069225268e-01,9.905705381069225268e-01,2.655084191127303267e-06,2.655084191127303267e-06
5.446590307108608187e+01,5.446590307108608187e+01,1.460297157460299568e-04,1.460297157460299568e-04,9.905834274649762961e-01,9.905834274649762961e-01,2.655088781741731570e-06,2.655088781741731570e-06
5.545648649855105816e+01,5.545648649855105816e+01,1.486848045277716884e-04,1.486848045277716884e-04,9.905963162404702871e-01,9.905963162404702871e-01,2.655081732042013270e-06,2.655081732042013270e-06
5.644708281479152845e+01,5.644708281479152845e+01,1.513398862598137017e-04,1.513398862598137017e-04,9.906053904395619725e-01,9.906053904395619725e-01,2.655086322385689186e-06,2.655086322385689186e-06
5.743768820523109042e+01,5.743768820523109042e+01,1.539949725821993908e-04,1.539949725821993908e-04,9.906144640026894876e-01,9.906144640026894876e-01,2.655079272921053021e-06,2.655079272921053021e-06
5.842830266923377991e+01,5.842830266923377991e+01,1.566500518551204439e-04,1.566500518551204439e-04,9.906235389582676021e-01,9.906235389582676021e-01,2.655095502716175873e-06,2.655095502716175873e-06
5.941892620819204751e+01,5.941892620819204751e+01,1.593051473578366197e-04,1.593051473578366197e-04,9.906364271984529069e-01,9.906364271984529069e-01,2.655076813733468549e-06,2.655076813733468549e-06
6.040956263539050042e+01,6.040956263539050042e+01,1.619602241715700883e-04,1.619602241715700883e-04,9.906493175875539237e-01,9.906493175875539237e-01,2.655093043640047385e-06,2.655093043640047385e-06
6.140021195297805434e+01,6.140021195297805434e+01,1.646153172152101357e-04,1.646153172152101357e-04,9.906545759627576331e-01,9.906545759627576331e-01,2.655085993917696363e-06,2.655085993917696363e-06
6.239086652894081197e+01,6.239086652894081197e+01,1.672704032091278320e-04,1.672704032091278320e-04,9.906674650079878575e-01,9.906674650079878575e-01,2.655078944454767817e-06,2.655078944454767817e-06
6.338153399394879983e+01,6.338153399394879983e+01,1.699254821535825999e-04,1.699254821535825999e-04,9.906803548421905248e-01,9.906803548421905248e-01,2.655083534818962259e-06,2.655083534818962259e-06
6.437221434879099036e+01,6.437221434879099036e+01,1.725805656884015621e-04,1.725805656884015621e-04,9.906856140193127658e-01,9.906856140193127658e-01,2.655088124683827391e-06,2.655088124683827391e-06
6.536289996281030312e+01,6.536289996281030312e+01,1.752356538130853895e-04,1.752356538130853895e-04,9.906985039617666189e-01,9.906985039617666189e-01,2.655092714493452423e-06,2.655092714493452423e-06
6.635359846677206974e+01,6.635359846677206974e+01,1.778907465275788419e-04,1.778907465275788419e-04,9.907113931949851349e-01,9.907113931949851349e-01,2.655085665216816914e-06,2.655085665216816914e-06
6.734430985996705488e+01,6.734430985996705488e+01,1.805458321927956588e-04,1.805458321927956588e-04,9.907242824679656223e-01,9.907242824679656223e-01,2.655078615755677302e-06,2.655078615755677302e-06
6.833503414243502050e+01,6.833503414243502050e+01,1.832009108085513361e-04,1.832009108085513361e-04,9.907295425818460899e-01,9.907295425818460899e-01,2.655094844936193047e-06,2.655094844936193047e-06
6.932576368501686659e+01,6.932576368501686659e+01,1.858560056534875292e-04,1.858560056534875292e-04,9.907424311218022694e-01,9.907424311218022694e-01,2.655076156266061209e-06,2.655076156266061209e-06
7.031650611613866886e+01,7.031650611613866886e+01,1.885110818097535904e-04,1.885110818097535904e-04,9.907476913034400923e-01,9.907476913034400923e-01,2.655092385336015439e-06,2.655092385336015439e-06
7.130725380744210895e+01,7.130725380744210895e+01,1.911661741950896058e-04,1.911661741950896058e-04,9.907682115971425674e-01,9.907682115971425674e-01,2.655085335839178469e-06,2.655085335839178469e-06
7.229802201903925152e+01,7.229802201903925152e+01,1.938212595309287843e-04,1.938212595309287843e-04,9.907734710572668746e-01,9.907734710572668746e-01,2.655089925669267817e-06,2.655089925669267817e-06
7.328879549009651839e+01,7.328879549009651839e+01,1.964763494565980521e-04,1.964763494565980521e-04,9.907787288022689154e-01,9.907787288022689154e-01,2.655071237148864298e-06,2.655071237148864298e-06
7.427957421889878731e+01,7.427957421889878731e+01,1.991314206937469164e-04,1.991314206937469164e-04,9.907916200534714335e-01,9.907916200534714335e-01,2.655087465775705100e-06,2.655087465775705100e-06
7.527036583895225874e+01,7.527036583895225874e+01,2.017865081595226215e-04,2.017865081595226215e-04,9.908045096388207185e-01,9.908045096388207185e-01,2.655080416527014903e-06,2.655080416527014903e-06
7.626117034859107946e+01,7.626117034859107946e+01,2.044415885760496364e-04,2.044415885760496364e-04,9.908174010619319461e-01,9.908174010619319461e-01,2.655096645425502559e-06,2.655096645425502559e-06
7.725198774965301141e+01,7.725198774965301141e+01,2.070966852214751390e-04,2.070966852214751390e-04,9.908302907730046627e-01,9.908302907730046627e-01,2.655089595684042474e-06,2.655089595684042474e-06
7.824281804042601607e+01,7.824281804042601607e+01,2.097517748171591815e-04,2.097517748171591815e-04,9.908355495088727594e-01,9.908355495088727594e-01,2.655082546201977759e-06,2.655082546201977759e-06
7.923365358993488883e+01,7.923365358993488883e+01,2.124068573633611592e-04,2.124068573633611592e-04,9.908408082237798453e-01,9.908408082237798453e-01,2.655075496979362624e-06,2.655075496979362624e-06
8.022449439815866867e+01,8.022449439815866867e+01,2.150619328603405218e-04,2.150619328603405218e-04,9.908613309190457130e-01,9.908613309190457130e-01,2.655091725434818167e-06,2.655091725434818167e-06
8.121535572907771439e+01,8.121535572907771439e+01,2.177170245857753400e-04,2.177170245857753400e-04,9.908665897191895056e-01,9.908665897191895056e-01,2.655084675941423540e-06,2.655084675941423540e-06
8.220622231879690389e+01,8.220622231879690389e+01,2.203721092617167635e-04,2.203721092617167635e-04,9.908794815307260251e-01,9.908794815307260251e-01,2.655100904224518043e-06,2.655100904224518043e-06
8.319710180032762992e+01,8.319710180032762992e+01,2.230272101659412816e-04,2.230272101659412816e-04,9.908847384163266270e-01,9.908847384163266270e-01,2.655070577005239421e-06,2.655070577005239421e-06
8.418798653874395654e+01,8.418798653874395654e+01,2.256822807429465210e-04,2.256822807429465210e-04,9.908976303131140639e-01,9.908976303131140639e-01,2.655086805461562326e-06,2.655086805461562326e-06
8.517888416905707061e+01,8.517888416905707061e+01,2.283373675484080833e-04,2.283373675484080833e-04,9.909105203134913609e-01,9.909105203134913609e-01,2.655079755994324076e-06,2.655079755994324076e-06
8.616979468937056197e+01,8.616979468937056197e+01,2.309924473044024074e-04,2.309924473044024074e-04,9.909234123820880313e-01,9.909234123820880313e-01,2.655095984056322651e-06,2.655095984056322651e-06
8.716071810175265000e+01,8.716071810175265000e+01,2.336475432884587301e-04,2.336475432884587301e-04,9.909286713108542699e-01,9.909286713108542699e-01,2.655088934540349513e-06,2.655088934540349513e-06
8.815164677306350427e+01,8.815164677306350427e+01,2.363026322229990796e-04,2.363026322229990796e-04,9.909415614362870883e-01,9.909415614362870883e-01,2.655081885061808455e-06,2.655081885061808455e-06
8.914258833449979136e+01,8.914258833449979136e+01,2.389577141080608880e-04,2.389577141080608880e-04,9.909544516015671434e-01,9.909544516015671434e-01,2.655074835620699477e-06,2.655074835620699477e-06
9.013354278610135850e+01,9.013354278610135850e+01,2.416127889436815875e-04,2.416127889436815875e-04,9.909597126691380709e-01,9.909597126691380709e-01,2.655091063683619624e-06,2.655091063683619624e-06
9.112450249877049657e+01,9.112450249877049657e+01,2.442678800073652071e-04,2.442678800073652071e-04,9.909726029196406216e-01,9.909726029196406216e-01,2.655084014193721548e-06,2.655084014193721548e-06
9.211547510169013719e+01,9.211547510169013719e+01,2.469229640215589287e-04,2.469229640215589287e-04,9.909854953766910057e-01,9.909854953766910057e-01,2.655100241862344470e-06,2.655100241862344470e-06
9.310646059706682820e+01,9.310646059706682820e+01,2.495780642634212732e-04,2.495780642634212732e-04,9.909907522442722438e-01,9.909907522442722438e-01,2.655069915264557639e-06,2.655069915264557639e-06
9.409745134931110044e+01,9.409745134931110044e+01,2.522331341786858308e-04,2.522331341786858308e-04,9.910036447865735454e-01,9.910036447865735454e-01,2.655086143106381857e-06,2.655086143106381857e-06
9.508845499409767399e+01,9.508845499409767399e+01,2.548882203217922126e-04,2.548882203217922126e-04,9.910165374378294700e-01,9.910165374378294700e-01,2.655102370578222085e-06,2.655102370578222085e-06
9.607947153153550346e+01,9.607947153153550346e+01,2.575433226923704347e-04,2.575433226923704347e-04,9.910294256802529844e-01,9.910294256802529844e-01,2.655072043932567728e-06,2.655072043932567728e-06
9.707050095721575644e+01,9.707050095721575644e+01,2.601983947363030025e-04,2.601983947363030025e-04,9.910346870573079059e-01,9.910346870573079059e-01,2.655088271577717672e-06,2.655088271577717672e-06
9.806153564427306435e+01,9.806153564427306435e+01,2.628534830078807201e-04,2.628534830078807201e-04,9.910475775977971580e-01,9.910475775977971580e-01,2.655081222102673166e-06,2.655081222102673166e-06
9.905258322187086151e+01,9.905258322187086151e+01,2.655085642299833933e-04,2.655085642299833933e-04,9.910528390656878628e-01,9.910528390656878628e-01,2.655097449575434965e-06,2.655097449575434965e-06
1.000436360609365494e+02,1.000436360609365494e+02,2.681636616795588283e-04,2.681636616795588283e-04,9.910733611521180819e-01,9.910733611521180819e-01,2.655090399829665177e-06,2.655090399829665177e-06
1.010347094220886675e+02,1.010347094220886675e+02,2.708187520793884934e-04,2.708187520793884934e-04,9.910709888962117020e-01,9.910709888962117020e-01,2.655083350565389574e-06,2.655083350565389574e-06
1.020257804109848792e+02,1.020257804109848792e+02,2.734738354299538830e-04,2.734738354299538830e-04,9.910915110622653401e-01,9.910915110622653401e-01,2.655076300894483946e-06,2.655076300894483946e-06
1.030168719220471445e+02,1.030168719220471445e+02,2.761289117308483670e-04,2.761289117308483670e-04,9.910967727062853783e-01,9.910967727062853783e-01,2.655092528368113106e-06,2.655092528368113106e-06
1.040079686947534299e+02,1.040079686947534299e+02,2.787840042592164801e-04,2.787840042592164801e-04,9.911096634968288299e-01,9.911096634968288299e-01,2.655085478648581011e-06,2.655085478648581011e-06
1.049990783582502587e+02,1.049990783582502587e+02,2.814390897378650611e-04,2.814390897378650611e-04,9.911225543272479399e-01,9.911225543272479399e-01,2.655078429188335865e-06,2.655078429188335865e-06
1.059902009125775066e+02,1.059902009125775066e+02,2.840941681670533969e-04,2.840941681670533969e-04,9.911278161046936930e-01,9.911278161046936930e-01,2.655094656243354567e-06,2.655094656243354567e-06
1.069813287286822003e+02,1.069813287286822003e+02,2.867492628232967515e-04,2.867492628232967515e-04,9.911407070203210878e-01,9.911407070203210878e-01,2.655087606734428743e-06,2.655087606734428743e-06
1.079724694357025214e+02,1.079724694357025214e+02,2.894043504300311802e-04,2.894043504300311802e-04,9.911535979757815085e-01,9.911535979757815085e-01,2.655080557040917499e-06,2.655080557040917499e-06
1.089636230336783029e+02,1.089636230336783029e+02,2.920594309870720977e-04,2.920594309870720977e-04,9.911664889711460091e-01,9.911664889711460091e-01,2.655073507828900441e-06,2.655073507828900441e-06
1.099547895226494489e+02,1.099547895226494489e+02,2.947145044949009982e-04,2.947145044949009982e-04,9.911717509246074087e-01,9.911717509246074087e-01,2.655089734662796110e-06,2.655089734662796110e-06
1.109459612735740563e+02,1.109459612735740563e+02,2.973695942295637943e-04,2.973695942295637943e-04,9.911846420051091400e-01,9.911846420051091400e-01,2.655082684958009163e-06,2.655082684958009163e-06
1.119371459155791655e+02,1.119371459155791655e+02,3.000246769145218035e-04,3.000246769145218035e-04,9.911899040494347446e-01,9.911899040494347446e-01,2.655098911619570897e-06,2.655098911619570897e-06
1.129283358196286002e+02,1.129283358196286002e+02,3.026797758261413744e-04,3.026797758261413744e-04,9.912027952152158150e-01,9.912027952152158150e-01,2.655091862088093668e-06,2.655091862088093668e-06
1.139195386148438160e+02,1.139195386148438160e+02,3.053348676882294680e-04,3.053348676882294680e-04,9.912156864208299112e-01,9.912156864208299112e-01,2.655084812593967204e-06,2.655084812593967204e-06
1.149107543012646460e+02,1.149107543012646460e+02,3.079899525008234352e-04,3.079899525008234352e-04,9.912285776662201897e-01,9.912285776662201897e-01,2.655077763137354135e-06,2.655077763137354135e-06
1.159019828789308661e+02,1.159019828789308661e+02,3.106450302639607894e-04,3.106450302639607894e-04,9.912338398866040734e-01,9.912338398866040734e-01,2.655093989577847046e-06,2.655093989577847046e-06
1.168932167188174702e+02,1.168932167188174702e+02,3.133001242535386364e-04,3.133001242535386364e-04,9.912467312172594802e-01,9.912467312172594802e-01,2.655086939850508695e-06,2.655086939850508695e-06
1.178844634500347297e+02,1.178844634500347297e+02,3.159552111933891451e-04,3.159552111933891451e-04,9.912596225877621237e-01,9.912596225877621237e-01,2.655079890604501898e-06,2.655079890604501898e-06
1.188757230726224918e+02,1.188757230726224918e+02,3.186102910839936470e-04,3.186102910839936470e-04,9.912648821524498999e-01,9.912648821524498999e-01,2.655072840952027707e-06,2.655072840952027707e-06
1.198669879547749417e+02,1.198669879547749417e+02,3.212653639249456747e-04,3.212653639249456747e-04,9.912777763742610659e-01,9.912777763742610659e-01,2.655089067393496399e-06,2.655089067393496399e-06
1.208582657311492028e+02,1.208582657311492028e+02,3.239204529923391711e-04,3.239204529923391711e-04,9.912906678697623875e-01,9.912906678697623875e-01,2.655082017692233110e-06,2.655082017692233110e-06
1.218495563990189652e+02,1.218495563990189652e+02,3.265755350100314042e-04,3.265755350100314042e-04,9.912959303570403335e-01,9.912959303570403335e-01,2.655098243739377473e-06,2.655098243739377473e-06
1.228408523293760055e+02,1.228408523293760055e+02,3.292306332537707817e-04,3.292306332537707817e-04,9.913088219377783616e-01,9.913088219377783616e-01,2.655091193989379296e-06,2.655091193989379296e-06
1.238321611513137839e+02,1.238321611513137839e+02,3.318857244477601610e-04,3.318857244477601610e-04,9.913217135583920481e-01,9.913217135583920481e-01,2.655084144720875304e-06,2.655084144720875304e-06
1.248234828648721759e+02,1.248234828648721759e+02,3.345408085924810363e-04,3.345408085924810363e-04,9.913269732517164812e-01,9.913269732517164812e-01,2.655077095267785892e-06,2.655077095267785892e-06
1.258148098381238924e+02,1.258148098381238924e+02,3.371958856877488222e-04,3.371958856877488222e-04,9.913474998492688428e-01,9.913474998492688428e-01,2.655093320871871037e-06,2.655093320871871037e-06
1.268061573379731612e+02,1.268061573379731612e+02,3.398509790086206932e-04,3.398509790086206932e-04,9.913451276201499240e-01,9.913451276201499240e-01,2.655086271591982922e-06,2.655086271591982922e-06
1.277975024655933112e+02,1.277975024655933112e+02,3.425060652802126761e-04,3.425060652802126761e-04,9.913656513930391156e-01,9.913656513930391156e-01,2.655079221905627413e-06,2.655079221905627413e-06
1.287888681169863503e+02,1.287888681169863503e+02,3.451611445021183036e-04,3.451611445021183036e-04,9.913785462379109958e-01,9.913785462379109958e-01,2.655095447535028678e-06,2.655095447535028678e-06
1.297802466632242613e+02,1.297802466632242613e+02,3.478162399496533322e-04,3.478162399496533322e-04,9.913838030381043609e-01,9.913838030381043609e-01,2.655065123249302980e-06,2.655065123249302980e-06
1.307716304662623656e+02,1.307716304662623656e+02,3.504713050729026352e-04,3.504713050729026352e-04,9.913890689452671268e-01,9.913890689452671268e-01,2.655104623318805136e-06,2.655104623318805136e-06
1.317630195352076328e+02,1.317630195352076328e+02,3.531264096962214404e-04,3.531264096962214404e-04,9.913943257035384704e-01,9.913943257035384704e-01,2.655074299107943597e-06,2.655074299107943597e-06
1.327544138609111712e+02,1.327544138609111712e+02,3.557814839953293840e-04,3.557814839953293840e-04,9.914148528536941285e-01,9.914148528536941285e-01,2.655090524516276040e-06,2.655090524516276040e-06
1.337458287137648654e+02,1.337458287137648654e+02,3.584365745198456600e-04,3.584365745198456600e-04,9.914353770386981068e-01,9.914353770386981068e-01,2.655083474807369125e-06,2.655083474807369125e-06
1.347372640908035635e+02,1.347372640908035635e+02,3.610916579946530291e-04,3.610916579946530291e-04,9.914253726455797278e-01,9.914253726455797278e-01,2.655076425579739555e-06,2.655076425579739555e-06
1.357286894634491432e+02,1.357286894634491432e+02,3.637467344202327687e-04,3.637467344202327687e-04,9.914611644306035032e-01,9.914611644306035032e-01,2.655092650569461539e-06,2.655092650569461539e-06
1.367201506278797467e+02,1.367201506278797467e+02,3.664018270708022302e-04,3.664018270708022302e-04,9.914511600416346937e-01,9.914511600416346937e-01,2.655085601071215107e-06,2.655085601071215107e-06
1.377116017879213814e+02,1.377116017879213814e+02,3.690569126718734453e-04,3.690569126718734453e-04,9.914716844320707878e-01,9.914716844320707878e-01,2.655078551832309834e-06,2.655078551832309834e-06
1.387030734723534522e+02,1.387030734723534522e+02,3.717119912237057552e-04,3.717119912237057552e-04,9.914769476717424368e-01,9.914769476717424368e-01,2.655094776403367149e-06,2.655094776403367149e-06
1.396945504200251946e+02,1.396945504200251946e+02,3.743670860001091223e-04,3.743670860001091223e-04,9.914822076864595601e-01,9.914822076864595601e-01,2.655087727115781199e-06,2.655087727115781199e-06
1.406860326277116542e+02,1.406860326277116542e+02,3.770221737272249035e-04,3.770221737272249035e-04,9.915027322627452122e-01,9.915027322627452122e-01,2.655080677643609829e-06,2.655080677643609829e-06
1.416775353599743994e+02,1.416775353599743994e+02,3.796772544048685133e-04,3.796772544048685133e-04,9.915079956357999436e-01,9.915079956357999436e-01,2.655096902239983264e-06,2.655096902239983264e-06
1.426690433556101993e+02,1.426690433556101993e+02,3.823323513071084966e-04,3.823323513071084966e-04,9.915132523725844749e-01,9.915132523725844749e-01,2.655066578749953540e-06,2.655066578749953540e-06
1.436605566079827838e+02,1.436605566079827838e+02,3.849874178858584501e-04,3.849874178858584501e-04,9.915337838192215258e-01,9.915337838192215258e-01,2.655106077426906425e-06,2.655106077426906425e-06
1.446520903918020053e+02,1.446520903918020053e+02,3.876425239632853566e-04,3.876425239632853566e-04,9.915390405951143293e-01,9.915390405951143293e-01,2.655075754011686651e-06,2.655075754011686651e-06
1.456436294323971197e+02,1.456436294323971197e+02,3.902975997172970432e-04,3.902975997172970432e-04,9.915595688887606229e-01,9.915595688887606229e-01,2.655091978387045474e-06,2.655091978387045474e-06
1.466351890012858803e+02,1.466351890012858803e+02,3.929526916956840887e-04,3.929526916956840887e-04,9.915648290921410535e-01,9.915648290921410535e-01,2.655084928892322699e-06,2.655084928892322699e-06
1.476267538303780213e+02,1.476267538303780213e+02,3.956077766245764114e-04,3.956077766245764114e-04,9.915700892746031059e-01,9.915700892746031059e-01,2.655077879435059109e-06,2.655077879435059109e-06
1.486183239196526245e+02,1.486183239196526245e+02,3.982628545040114705e-04,3.982628545040114705e-04,9.915753494360330933e-01,9.915753494360330933e-01,2.655070830015200493e-06,2.655070830015200493e-06
1.496098992690886575e+02,1.496098992690886575e+02,4.009179253340266710e-04,4.009179253340266710e-04,9.915958815309977581e-01,9.915958815309977581e-01,2.655110327928170318e-06,2.655110327928170318e-06
1.506014951506196553e+02,1.506014951506196553e+02,4.035730356619548413e-04,4.035730356619548413e-04,9.916011347704056789e-01,9.916011347704056789e-01,2.655056731164261771e-06,2.655056731164261771e-06
1.515930962853900610e+02,1.515930962853900610e+02,4.062280923931191031e-04,4.062280923931191031e-04,9.916216670776520914e-01,9.916216670776520914e-01,2.655096228904897659e-06,2.655096228904897659e-06
1.525847179524677131e+02,1.525847179524677131e+02,4.088831886220240007e-04,4.088831886220240007e-04,9.916269274096407571e-01,9.916269274096407571e-01,2.655089179387569269e-06,2.655089179387569269e-06
1.535763448798773538e+02,1.535763448798773538e+02,4.115382778014115700e-04,4.115382778014115700e-04,9.916321877205973578e-01,9.916321877205973578e-01,2.655082129907808484e-06,2.655082129907808484e-06
1.545679770675979512e+02,1.545679770675979512e+02,4.141933599313193785e-04,4.141933599313193785e-04,9.916374480106924238e-01,9.916374480106924238e-01,2.655075080687334648e-06,2.655075080687334648e-06
1.555596145156086436e+02,1.555596145156086436e+02,4.168484350120067131e-04,4.168484350120067131e-04,9.916579807538141722e-01,9.916579807538141722e-01,2.655114577614168386e-06,2.655114577614168386e-06
1.565512724963624578e+02,1.565512724963624578e+02,4.195035495896208815e-04,4.195035495896208815e-04,9.916784990759310858e-01,9.916784990759310858e-01,2.655060981569302720e-06,2.655060981569302720e-06
1.575429509954383889e+02,1.575429509954383889e+02,4.221586105711901842e-04,4.221586105711901842e-04,9.916685015700466010e-01,9.916685015700466010e-01,2.655100478767783313e-06,2.655100478767783313e-06
1.585346194970084355e+02,1.585346194970084355e+02,4.248137110499579676e-04,4.248137110499579676e-04,9.916890272612306489e-01,9.916890272612306489e-01,2.655093429005967332e-06,2.655093429005967332e-06
1.595263085242696661e+02,1.595263085242696661e+02,4.274688044789639349e-04,4.274688044789639349e-04,9.917095530530275482e-01,9.917095530530275482e-01,2.655086379503546722e-06,2.655086379503546722e-06
1.605180180773226937e+02,1.605180180773226937e+02,4.301238908584674816e-04,4.301238908584674816e-04,9.916995481599713003e-01,9.916995481599713003e-01,2.655079330260575691e-06,2.655079330260575691e-06
1.615097176254826650e+02,1.615097176254826650e+02,4.327789701887280573e-04,4.327789701887280573e-04,9.917200739908196283e-01,9.917200739908196283e-01,2.655072280611083056e-06,2.655072280611083056e-06
1.625014376994734846e+02,1.625014376994734846e+02,4.354340424693391404e-04,4.354340424693391404e-04,9.917406075289534328e-01,9.917406075289534328e-01,2.655111777131612030e-06,2.655111777131612030e-06
1.634931783070024380e+02,1.634931783070024380e+02,4.380891542464707524e-04,4.380891542464707524e-04,9.917305949719832370e-01,9.917305949719832370e-01,2.655058181744748662e-06,2.655058181744748662e-06
1.644849089019744213e+02,1.644849089019744213e+02,4.407442124282155010e-04,4.407442124282155010e-04,9.917511286414253391e-01,9.917511286414253391e-01,2.655097678092943701e-06,2.655097678092943701e-06
1.654766600306158466e+02,1.654766600306158466e+02,4.433993101063084447e-04,4.433993101063084447e-04,9.917716548048360892e-01,9.917716548048360892e-01,2.655090628346089710e-06,2.655090628346089710e-06
1.664684316854206827e+02,1.664684316854206827e+02,4.460544007346545345e-04,4.460544007346545345e-04,9.917616497972403522e-01,9.917616497972403522e-01,2.655083579080458854e-06,2.655083579080458854e-06
1.674601933352179230e+02,1.674601933352179230e+02,4.487094843137349933e-04,4.487094843137349933e-04,9.917821759997593745e-01,9.917821759997593745e-01,2.655076529630405208e-06,2.655076529630405208e-06
1.684519755112176824e+02,1.684519755112176824e+02,4.513645608433653985e-04,4.513645608433653985e-04,9.918027101861071060e-01,9.918027101861071060e-01,2.655116024942970332e-06,2.655116024942970332e-06
1.694437782214037895e+02,1.694437782214037895e+02,4.540196768683083688e-04,4.540196768683083688e-04,9.917926972380541883e-01,9.917926972380541883e-01,2.655062430718913794e-06,2.655062430718913794e-06
1.704355709186418437e+02,1.704355709186418437e+02,4.566747392990272826e-04,4.566747392990272826e-04,9.918284973535946847e-01,9.918284973535946847e-01,2.655101926081189587e-06,2.655101926081189587e-06
1.714273994159954384e+02,1.714273994159954384e+02,4.593298412251084722e-04,4.593298412251084722e-04,9.918184922928787728e-01,9.918184922928787728e-01,2.655094876533666166e-06,2.655094876533666166e-06
1.724192179082883172e+02,1.724192179082883172e+02,4.619849361016421384e-04,4.619849361016421384e-04,9.918390107799268662e-01,9.918390107799268662e-01,2.655041282348749327e-06,2.655041282348749327e-06
1.734110569190682440e+02,1.734110569190682440e+02,4.646399773839908877e-04,4.646399773839908877e-04,9.918442876509061534e-01,9.918442876509061534e-01,2.655127322003750668e-06,2.655127322003750668e-06
1.744029012067191502e+02,1.744029012067191502e+02,4.672951047059946384e-04,4.672951047059946384e-04,9.918495402982046016e-01,9.918495402982046016e-01,2.655073728115688383e-06,2.655073728115688383e-06
1.753947507470173548e+02,1.753947507470173548e+02,4.699501784341103268e-04,4.699501784341103268e-04,9.918700669925044622e-01,9.918700669925044622e-01,2.655066678717947493e-06,2.655066678717947493e-06
1.763866208140098593e+02,1.763866208140098593e+02,4.726052451128282743e-04,4.726052451128282743e-04,9.918753359984862072e-01,9.918753359984862072e-01,2.655106173316077595e-06,2.655106173316077595e-06
1.773784961500083455e+02,1.773784961500083455e+02,4.752603512861443519e-04,4.752603512861443519e-04,9.918958629052383458e-01,9.918958629052383458e-01,2.655099123746056979e-06,2.655099123746056979e-06
1.783703920129135838e+02,1.783703920129135838e+02,4.779154504098904088e-04,4.779154504098904088e-04,9.919011154462964441e-01,9.919011154462964441e-01,2.655045530502010784e-06,2.655045530502010784e-06
1.793622931283598803e+02,1.793622931283598803e+02,4.805704959403924196e-04,4.805704959403924196e-04,9.919063846087681213e-01,9.919063846087681213e-01,2.655085024841775509e-06,2.655085024841775509e-06
1.803541995129686484e+02,1.803541995129686484e+02,4.832255809652341951e-04,4.832255809652341951e-04,9.919116538885646150e-01,9.919116538885646150e-01,2.655124518848256485e-06,2.655124518848256485e-06
1.813461111668572130e+02,1.813461111668572130e+02,4.858807054840824516e-04,4.858807054840824516e-04,9.919321725642475940e-01,9.919321725642475940e-01,2.655070925840132684e-06,2.655070925840132684e-06
1.823380433394214606e+02,1.823380433394214606e+02,4.885357764099225843e-04,4.885357764099225843e-04,9.919526997308594218e-01,9.919526997308594218e-01,2.655063876457136943e-06,2.655063876457136943e-06
1.833299960391523200e+02,1.833299960391523200e+02,4.911908402863797212e-04,4.911908402863797212e-04,9.919427029235237114e-01,9.919427029235237114e-01,2.655103370205252541e-06,2.655103370205252541e-06
1.843219387420758437e+02,1.843219387420758437e+02,4.938459436565849738e-04,4.938459436565849738e-04,9.919632302215006803e-01,9.919632302215006803e-01,2.655096320650085495e-06,2.655096320650085495e-06
1.853139019722973444e+02,1.853139019722973444e+02,4.965010399772350593e-04,4.965010399772350593e-04,9.919684912143509337e-01,9.919684912143509337e-01,2.655089271132323424e-06,2.655089271132323424e-06
1.863058704635116953e+02,1.863058704635116953e+02,4.991561292483673827e-04,4.991561292483673827e-04,9.919890186324664683e-01,9.919890186324664683e-01,2.655082221873902512e-06,2.655082221873902512e-06
1.872978594821441618e+02,1.872978594821441618e+02,5.018112114702412852e-04,5.018112114702412852e-04,9.919942796644534155e-01,9.919942796644534155e-01,2.655075172209014206e-06,2.655075172209014206e-06
1.882898537618086152e+02,1.882898537618086152e+02,5.044662866424502994e-04,5.044662866424502994e-04,9.919995406755219847e-01,9.919995406755219847e-01,2.655068122803683900e-06,2.655068122803683900e-06
1.892818533024841372e+02,1.892818533024841372e+02,5.071213547652539833e-04,5.071213547652539833e-04,9.920200770846179239e-01,9.920200770846179239e-01,2.655107615787653808e-06,2.655107615787653808e-06
1.902738733795687551e+02,1.902738733795687551e+02,5.097764623810416371e-04,5.097764623810416371e-04,9.920253382269947906e-01,9.920253382269947906e-01,2.655100566431979961e-06,2.655100566431979961e-06
1.912658987177957499e+02,1.912658987177957499e+02,5.124315629474736171e-04,5.124315629474736171e-04,9.920305904049655510e-01,9.920305904049655510e-01,2.655046974564707896e-06,2.655046974564707896e-06
1.922579293082007155e+02,1.922579293082007155e+02,5.150866099220383250e-04,5.150866099220383250e-04,9.920511270920258085e-01,9.920511270920258085e-01,2.655086467290312426e-06,2.655086467290312426e-06
1.932499804352927413e+02,1.932499804352927413e+02,5.177416963893286374e-04,5.177416963893286374e-04,9.920563972883655879e-01,9.920563972883655879e-01,2.655125959904677813e-06,2.655125959904677813e-06
1.942420368325811069e+02,1.942420368325811069e+02,5.203968223492333152e-04,5.203968223492333152e-04,9.920616494383125428e-01,9.920616494383125428e-01,2.655072368273436560e-06,2.655072368273436560e-06
1.952340984820194194e+02,1.952340984820194194e+02,5.230518947175067518e-04,5.230518947175067518e-04,9.920821773677914734e-01,9.920821773677914734e-01,2.655065319104679168e-06,2.655065319104679168e-06
1.962261806593872109e+02,1.962261806593872109e+02,5.257069600366114310e-04,5.257069600366114310e-04,9.920874477204506547e-01,9.920874477204506547e-01,2.655104811016698388e-06,2.655104811016698388e-06
1.972182681071076615e+02,1.972182681071076615e+02,5.283620648476281293e-04,5.283620648476281293e-04,9.920927089705458002e-01,9.920927089705458002e-01,2.655097761675878111e-06,2.655097761675878111e-06
1.982103608160782073e+02,1.982103608160782073e+02,5.310171626093040075e-04,5.310171626093040075e-04,9.921132278655591108e-01,9.921132278655591108e-01,2.655044170688544529e-06,2.655044170688544529e-06
1.992024740439437664e+02,1.992024740439437664e+02,5.336722067799925520e-04,5.336722067799925520e-04,9.921185076871381625e-01,9.921185076871381625e-01,2.655130203902409183e-06,2.655130203902409183e-06
2.001945925516309046e+02,2.001945925516309046e+02,5.363273369838949612e-04,5.363273369838949612e-04,9.921390267024037257e-01,9.921390267024037257e-01,2.655076613211930156e-06,2.655076613211930156e-06
2.011867315783333083e+02,2.011867315783333083e+02,5.389824135971068913e-04,5.389824135971068913e-04,9.921290209767903434e-01,9.921290209767903434e-01,2.655069563576857410e-06,2.655069563576857410e-06
2.021788605993100987e+02,2.021788605993100987e+02,5.416374831606837487e-04,5.416374831606837487e-04,9.921648258423374500e-01,9.921648258423374500e-01,2.655109055168820148e-06,2.655109055168820148e-06
2.031710254251524361e+02,2.031710254251524361e+02,5.442925922158525689e-04,5.442925922158525689e-04,9.921548106703710346e-01,9.921548106703710346e-01,2.655055464961244768e-06,2.655055464961244768e-06
2.041631802358228072e+02,2.041631802358228072e+02,5.469476476808138136e-04,5.469476476808138136e-04,9.921753486539444111e-01,9.921753486539444111e-01,2.655094956159100017e-06,2.655094956159100017e-06
2.051553555844767516e+02,2.051553555844767516e+02,5.496027426369729137e-04,5.496027426369729137e-04,9.921806100715286902e-01,9.921806100715286902e-01,2.655087906426557495e-06,2.655087906426557495e-06
2.061475361945482803e+02,2.061475361945482803e+02,5.522578305433994712e-04,5.522578305433994712e-04,9.921858714682798563e-01,9.921858714682798563e-01,2.655080857175400738e-06,2.655080857175400738e-06
2.071397220660165601e+02,2.071397220660165601e+02,5.549129114005748719e-04,5.549129114005748719e-04,9.922064001409012235e-01,9.922064001409012235e-01,2.655073807739821191e-06,2.655073807739821191e-06
2.081319284661574613e+02,2.081319284661574613e+02,5.575679852083146931e-04,5.575679852083146931e-04,9.922269386413518077e-01,9.922269386413518077e-01,2.655113298345810474e-06,2.655113298345810474e-06
2.091241554047988132e+02,2.091241554047988132e+02,5.602230985066605036e-04,5.602230985066605036e-04,9.922169230782458271e-01,9.922169230782458271e-01,2.655059708857277975e-06,2.655059708857277975e-06
2.101163723278770590e+02,2.101163723278770590e+02,5.628781582155177815e-04,5.628781582155177815e-04,9.922374617100047089e-01,9.922374617100047089e-01,2.655099199291095953e-06,2.655099199291095953e-06
2.111086097895870637e+02,2.111086097895870637e+02,5.655332574148088775e-04,5.655332574148088775e-04,9.922427232561972232e-01,9.922427232561972232e-01,2.655092149757938211e-06,2.655092149757938211e-06
2.121008525128432609e+02,2.121008525128432609e+02,5.681883495645668157e-04,5.681883495645668157e-04,9.922632522808783051e-01,9.922632522808783051e-01,2.655085100262293864e-06,2.655085100262293864e-06
2.130931157651241392e+02,2.130931157651241392e+02,5.708434346648291096e-04,5.708434346648291096e-04,9.922685138662643567e-01,9.922685138662643567e-01,2.655078050804271332e-06,2.655078050804271332e-06
2.140853842789904036e+02,2.140853842789904036e+02,5.734985127156333809e-04,5.734985127156333809e-04,9.922737754305899216e-01,9.922737754305899216e-01,2.655071001383436935e-06,2.655071001383436935e-06
2.150776580544209935e+02,2.150776580544209935e+02,5.761535837170168178e-04,5.761535837170168178e-04,9.922943146449370033e-01,9.922943146449370033e-01,2.655110491139411714e-06,2.655110491139411714e-06
2.160699523690659305e+02,2.160699523690659305e+02,5.788086942081562295e-04,5.788086942081562295e-04,9.922842985831152873e-01,9.922842985831152873e-01,2.655056902530709279e-06,2.655056902530709279e-06
2.170622366676490458e+02,2.170622366676490458e+02,5.814637511106869388e-04,5.814637511106869388e-04,9.923201056307107137e-01,9.923201056307107137e-01,2.655096392114404333e-06,2.655096392114404333e-06
2.180545567732797565e+02,2.180545567732797565e+02,5.841188475028013432e-04,5.841188475028013432e-04,9.923100996230402870e-01,9.923100996230402870e-01,2.655089342596317001e-06,2.655089342596317001e-06
2.190468668729027968e+02,2.190468668729027968e+02,5.867739368453976602e-04,5.867739368453976602e-04,9.923306290389461992e-01,9.923306290389461992e-01,2.655082293337462408e-06,2.655082293337462408e-06
2.200391975019417430e+02,2.200391975019417430e+02,5.894290191387351226e-04,5.894290191387351226e-04,9.923511585553796976e-01,9.923511585553796976e-01,2.655075243672248841e-06,2.655075243672248841e-06
2.210315486604971227e+02,2.210315486604971227e+02,5.920840943824073714e-04,5.920840943824073714e-04,9.923411627707423577e-01,9.923411627707423577e-01,2.655114732664403190e-06,2.655114732664403190e-06
2.220238898232678650e+02,2.220238898232678650e+02,5.947392091150717746e-04,5.947392091150717746e-04,9.923616820460097188e-01,9.923616820460097188e-01,2.655061144774526795e-06,2.655061144774526795e-06
2.230162515053138748e+02,2.230162515053138748e+02,5.973942702598463014e-04,5.973942702598463014e-04,9.923822221208524752e-01,9.923822221208524752e-01,2.655100633816229183e-06,2.655100633816229183e-06
2.240086337274347272e+02,2.240086337274347272e+02,6.000493708936625306e-04,6.000493708936625306e-04,9.923874839841460016e-01,9.923874839841460016e-01,2.655093584053654261e-06,2.655093584053654261e-06
2.250010212114188732e+02,2.250010212114188732e+02,6.027044644777161848e-04,6.027044644777161848e-04,9.923927458266348367e-01,9.923927458266348367e-01,2.655086534772248263e-06,2.655086534772248263e-06
2.259934139572455081e+02,2.259934139572455081e+02,6.053595510124884331e-04,6.053595510124884331e-04,9.923980076480347634e-01,9.923980076480347634e-01,2.655079485084700132e-06,2.655079485084700132e-06
2.269858119648935428e+02,2.269858119648935428e+02,6.080146304975731332e-04,6.080146304975731332e-04,9.924185375556646704e-01,9.924185375556646704e-01,2.655072435656276320e-06,2.655072435656276320e-06
2.279782305024492075e+02,2.279782305024492075e+02,6.106697029332294096e-04,6.106697029332294096e-04,9.924238100654179107e-01,9.924238100654179107e-01,2.655111924020135510e-06,2.655111924020135510e-06
2.289706543125146254e+02,2.289706543125146254e+02,6.133248148572495451e-04,6.133248148572495451e-04,9.924290613018911245e-01,9.924290613018911245e-01,2.655058336788369833e-06,2.655058336788369833e-06
2.299630833738165165e+02,2.299630833738165165e+02,6.159798731940379149e-04,6.159798731940379149e-04,9.924496020907724869e-01,9.924496020907724869e-01,2.655097824979949298e-06,2.655097824979949298e-06
2.309555329759072890e+02,2.309555329759072890e+02,6.186349710190178642e-04,6.186349710190178642e-04,9.924548640616137618e-01,9.924548640616137618e-01,2.655090775454272550e-06,2.655090775454272550e-06
2.319479878399689028e+02,2.319479878399689028e+02,6.212900617944721367e-04,6.212900617944721367e-04,9.924753943212181184e-01,9.924753943212181184e-01,2.655083725743956173e-06,2.655083725743956173e-06
2.329404632342901209e+02,2.329404632342901209e+02,6.239451455202160929e-04,6.239451455202160929e-04,9.924653879811557999e-01,9.924653879811557999e-01,2.655076676515133981e-06,2.655076676515133981e-06
2.339329286222712767e+02,2.339329286222712767e+02,6.266002221967312269e-04,6.266002221967312269e-04,9.925011866706370256e-01,9.925011866706370256e-01,2.655069626879627553e-06,2.655069626879627553e-06
2.349254298089419137e+02,2.349254298089419137e+02,6.292552918236108545e-04,6.292552918236108545e-04,9.924911912604841291e-01,9.924911912604841291e-01,2.655109114393689081e-06,2.655109114393689081e-06
2.359179210002023979e+02,2.359179210002023979e+02,6.319104009380045435e-04,6.319104009380045435e-04,9.925117217716490359e-01,9.925117217716490359e-01,2.655102064807947533e-06,2.655102064807947533e-06
2.369104327219740469e+02,2.369104327219740469e+02,6.345655030028124911e-04,6.345655030028124911e-04,9.925169728070102337e-01,9.925169728070102337e-01,2.655048478838735286e-06,2.655048478838735286e-06
2.379029496947810571e+02,2.379029496947810571e+02,6.372205514816512264e-04,6.372205514816512264e-04,9.925375144561883189e-01,9.925375144561883189e-01,2.655087965650559066e-06,2.655087965650559066e-06
2.388954872092372455e+02,2.388954872092372455e+02,6.398756394473017854e-04,6.398756394473017854e-04,9.925427765948597880e-01,9.925427765948597880e-01,2.655080916398968628e-06,2.655080916398968628e-06
2.398880299858321052e+02,2.398880299858321052e+02,6.425307203637007540e-04,6.425307203637007540e-04,9.925480499148875424e-01,9.925480499148875424e-01,2.655120403013359193e-06,2.655120403013359193e-06
2.408805780357469928e+02,2.408805780357469928e+02,6.451858407667141132e-04,6.451858407667141132e-04,9.925533008552065439e-01,9.925533008552065439e-01,2.655066817440964941e-06,2.655066817440964941e-06
2.418731313366021993e+02,2.418731313366021993e+02,6.478409075841550782e-04,6.478409075841550782e-04,9.925738429404020735e-01,9.925738429404020735e-01,2.655106303882967360e-06,2.655106303882967360e-06
2.428657051795426014e+02,2.428657051795426014e+02,6.504960138880380455e-04,6.504960138880380455e-04,9.925943625830200290e-01,9.925943625830200290e-01,2.655052718632689573e-06,2.655052718632689573e-06
2.438582995421256214e+02,2.438582995421256214e+02,6.531510666066707351e-04,6.531510666066707351e-04,9.925843673698295788e-01,9.925843673698295788e-01,2.655092204902520688e-06,2.655092204902520688e-06
2.448508839094954510e+02,2.448508839094954510e+02,6.558061588115732558e-04,6.558061588115732558e-04,9.926048983922726165e-01,9.926048983922726165e-01,2.655085155406551080e-06,2.655085155406551080e-06
2.458434888078877236e+02,2.458434888078877236e+02,6.584612439669798069e-04,6.584612439669798069e-04,9.926101606383781473e-01,9.926101606383781473e-01,2.655078105948203288e-06,2.655078105948203288e-06
2.468360989685261018e+02,2.468360989685261018e+02,6.611163220729280102e-04,6.611163220729280102e-04,9.926307033061334550e-01,9.926307033061334550e-01,2.655117591712362508e-06,2.655117591712362508e-06
2.478287296718322352e+02,2.478287296718322352e+02,6.637714396646403727e-04,6.637714396646403727e-04,9.926359541123588315e-01,9.926359541123588315e-01,2.655064007019906740e-06,2.655064007019906740e-06
2.488213656259445941e+02,2.488213656259445941e+02,6.664265036716602794e-04,6.664265036716602794e-04,9.926412279939142991e-01,9.926412279939142991e-01,2.655103492612003076e-06,2.655103492612003076e-06
2.498140068539385084e+02,2.498140068539385084e+02,6.690816071642722825e-04,6.690816071642722825e-04,9.926617593685023166e-01,9.926617593685023166e-01,2.655096443056185508e-06,2.655096443056185508e-06
2.508066686133070107e+02,2.508066686133070107e+02,6.717367036073284680e-04,6.717367036073284680e-04,9.926670217641060390e-01,9.926670217641060390e-01,2.655089393759709100e-06,2.655089393759709100e-06
2.517993356350711167e+02,2.517993356350711167e+02,6.743917930010881771e-04,6.743917930010881771e-04,9.926722841387913832e-01,9.926722841387913832e-01,2.655082344056765298e-06,2.655082344056765298e-06
2.527920079192099081e+02,2.527920079192099081e+02,6.770468753451449424e-04,6.770468753451449424e-04,9.926928156529015723e-01,9.926928156529015723e-01,2.655075294613271075e-06,2.655075294613271075e-06
2.537847007348628097e+02,2.537847007348628097e+02,6.797019506397582135e-04,6.797019506397582135e-04,9.926980780667520321e-01,9.926980780667520321e-01,2.655068245207073407e-06,2.655068245207073407e-06
2.547773988129295617e+02,2.547773988129295617e+02,6.823570188849652869e-04,6.823570188849652869e-04,9.927186215950314363e-01,9.927186215950314363e-01,2.655107730257285498e-06,2.655107730257285498e-06
2.557701174345245931e+02,2.557701174345245931e+02,6.850121266152225724e-04,6.850121266152225724e-04,9.927238722000311100e-01,9.927238722000311100e-01,2.655054146383727630e-06,2.655054146383727630e-06
2.567628413067246242e+02,2.567628413067246242e+02,6.876671807616063000e-04,6.876671807616063000e-04,9.927291466181031865e-01,9.927291466181031865e-01,2.655093631039615390e-06,2.655093631039615390e-06
2.577555704533427274e+02,2.577555704533427274e+02,6.903222743926459154e-04,6.903222743926459154e-04,9.927344091213399224e-01,9.927344091213399224e-01,2.655086581758209392e-06,2.655086581758209392e-06
2.587483048624640674e+02,2.587483048624640674e+02,6.929773609744041248e-04,6.929773609744041248e-04,9.927396716034877500e-01,9.927396716034877500e-01,2.655079532070119160e-06,2.655079532070119160e-06
2.597410445340675551e+02,2.597410445340675551e+02,6.956324405064742439e-04,6.956324405064742439e-04,9.927754850774022088e-01,9.927754850774022088e-01,2.655119016442596472e-06,2.655119016442596472e-06
2.607338200191449573e+02,2.607338200191449573e+02,6.982875595229168404e-04,6.982875595229168404e-04,9.927807356014000106e-01,9.927807356014000106e-01,2.655065433126860622e-06,2.655065433126860622e-06
2.617266007547463573e+02,2.617266007547463573e+02,7.009426249560437010e-04,7.009426249560437010e-04,9.927860103994703422e-01,9.927860103994703422e-01,2.655104917327058209e-06,2.655104917327058209e-06
2.627193867651458277e+02,2.627193867651458277e+02,7.035977298733707593e-04,7.035977298733707593e-04,9.927912607893745189e-01,9.927912607893745189e-01,2.655051334333330404e-06,2.655051334333330404e-06
2.637121780259352022e+02,2.637121780259352022e+02,7.062527812077040897e-04,7.062527812077040897e-04,9.927965356378081196e-01,9.927965356378081196e-01,2.655090818361248266e-06,2.655090818361248266e-06
2.647049745615730103e+02,2.647049745615730103e+02,7.089078720260653379e-04,7.089078720260653379e-04,9.928017982484220738e-01,9.928017982484220738e-01,2.655083768650715048e-06,2.655083768650715048e-06
2.656977763598214324e+02,2.656977763598214324e+02,7.115629557947160530e-04,7.115629557947160530e-04,9.928376126135276536e-01,9.928376126135276536e-01,2.655123252259480350e-06,2.655123252259480350e-06
2.666906139724349600e+02,2.666906139724349600e+02,7.142180790469755333e-04,7.142180790469755333e-04,9.928428629896188795e-01,9.928428629896188795e-01,2.655069669884398305e-06,2.655069669884398305e-06
2.676834568354245789e+02,2.676834568354245789e+02,7.168731487168599316e-04,7.168731487168599316e-04,9.928481256994245996e-01,9.928481256994245996e-01,2.655062620286296853e-06,2.655062620286296853e-06
2.686763049611240035e+02,2.686763049611240035e+02,7.195282113371462285e-04,7.195282113371462285e-04,9.928534009277427685e-01,9.928534009277427685e-01,2.655102103636479936e-06,2.655102103636479936e-06
2.696691583620517463e+02,2.696691583620517463e+02,7.221833134407827084e-04,7.221833134407827084e-04,9.928586636879686012e-01,9.928586636879686012e-01,2.655095054088143364e-06,2.655095054088143364e-06
2.706620170257397149e+02,2.706620170257397149e+02,7.248384084948708518e-04,7.248384084948708518e-04,9.928639264272760556e-01,9.928639264272760556e-01,2.655088004577103346e-06,2.655088004577103346e-06
2.716548809521669909e+02,2.716548809521669909e+02,7.274934964994479551e-04,7.274934964994479551e-04,9.928997290059555780e-01,9.928997290059555780e-01,2.655080954881532118e-06,2.655080954881532118e-06
2.726477806811729465e+02,2.726477806811729465e+02,7.301485774543294872e-04,7.301485774543294872e-04,9.929049918654300200e-01,9.929049918654300200e-01,2.655073905667346655e-06,2.655073905667346655e-06
2.736406856730383765e+02,2.736406856730383765e+02,7.328036513599968339e-04,7.328036513599968339e-04,9.929102674736896006e-01,9.929102674736896006e-01,2.655113388118075617e-06,2.655113388118075617e-06
2.746335959405120661e+02,2.746335959405120661e+02,7.354587647481149095e-04,7.354587647481149095e-04,9.929155175673827216e-01,9.929155175673827216e-01,2.655059806783719237e-06,2.655059806783719237e-06
2.756265114580794489e+02,2.756265114580794489e+02,7.381138245548986287e-04,7.381138245548986287e-04,9.929207932259487279e-01,9.929207932259487279e-01,2.655099289062276893e-06,2.655099289062276893e-06
2.766194322513053976e+02,2.766194322513053976e+02,7.407689238439609056e-04,7.407689238439609056e-04,9.929565963594200184e-01,9.929565963594200184e-01,2.655092239528685470e-06,2.655092239528685470e-06
2.776123888476648176e+02,2.776123888476648176e+02,7.434240160834895911e-04,7.434240160834895911e-04,9.929618593681652783e-01,9.929618593681652783e-01,2.655085190032715863e-06,2.655085190032715863e-06
2.786053507070329829e+02,2.786053507070329829e+02,7.460791012735223070e-04,7.460791012735223070e-04,9.929365819284612371e-01,9.929365819284612371e-01,2.655078140574042810e-06,2.655078140574042810e-06
2.795982872889614441e+02,2.795982872889614441e+02,7.487341794140963498e-04,7.487341794140963498e-04,9.929723852420124786e-01,9.929723852420124786e-01,2.655071091152774732e-06,2.655071091152774732e-06
2.805912596742034566e+02,2.805912596742034566e+02,7.513892505052491245e-04,7.513892505052491245e-04,9.930082018702819369e-01,9.930082018702819369e-01,2.655110572753706030e-06,2.655110572753706030e-06
2.815842678760737385e+02,2.815842678760737385e+02,7.540443610780028305e-04,7.540443610780028305e-04,9.929829112401762359e-01,9.929829112401762359e-01,2.655056992299071293e-06,2.655056992299071293e-06
2.825772507873139148e+02,2.825772507873139148e+02,7.566994180703019018e-04,7.566994180703019018e-04,9.929881873289332361e-01,9.929881873289332361e-01,2.655096473727831287e-06,2.655096473727831287e-06
2.835702389746428480e+02,2.835702389746428480e+02,7.593545145440297331e-04,7.593545145440297331e-04,9.930239911371359085e-01,9.930239911371359085e-01,2.655089424431029618e-06,2.655089424431029618e-06
2.845632629657799839e+02,2.845632629657799839e+02,7.620096039684607627e-04,7.620096039684607627e-04,9.930292542534857603e-01,9.930292542534857603e-01,2.655082374728085816e-06,2.655082374728085816e-06
2.855562922200334697e+02,2.855562922200334697e+02,7.646646863431888486e-04,7.646646863431888486e-04,9.930345173489172339e-01,9.930345173489172339e-01,2.655075325284483173e-06,2.655075325284483173e-06
2.865493267373823869e+02,2.865493267373823869e+02,7.673197616684733317e-04,7.673197616684733317e-04,9.930397937926045415e-01,9.930397937926045415e-01,2.655114806121485621e-06,2.655114806121485621e-06
2.875423665311749915e+02,2.875423665311749915e+02,7.699748764745948174e-04,7.699748764745948174e-04,9.930755846799570463e-01,9.930755846799570463e-01,2.655061226607613109e-06,2.655061226607613109e-06
2.885354421158549485e+02,2.885354421158549485e+02,7.726299377012024305e-04,7.726299377012024305e-04,9.930503200980069778e-01,9.930503200980069778e-01,2.655100707050724908e-06,2.655100707050724908e-06
2.895284924359529555e+02,2.895284924359529555e+02,7.752850384082531554e-04,7.752850384082531554e-04,9.930861245208006949e-01,9.930861245208006949e-01,2.655093657509544069e-06,2.655093657509544069e-06
2.905215785604737562e+02,2.905215785604737562e+02,7.779401320657626994e-04,7.779401320657626994e-04,9.930913877657303601e-01,9.930913877657303601e-01,2.655086608227921231e-06,2.655086608227921231e-06
2.915146699482394865e+02,2.915146699482394865e+02,7.805952186739906207e-04,7.805952186739906207e-04,9.930966373900105282e-01,9.930966373900105282e-01,2.655033028914084020e-06,2.655033028914084020e-06
2.925077665856294971e+02,2.925077665856294971e+02,7.832502517029047047e-04,7.832502517029047047e-04,9.931019414380557464e-01,9.931019414380557464e-01,2.655165568460913020e-06,2.655165568460913020e-06
2.935008685270675528e+02,2.935008685270675528e+02,7.859054172713656177e-04,7.859054172713656177e-04,9.931377190638386310e-01,9.931377190638386310e-01,2.655065459596247200e-06,2.655065459596247200e-06
2.944940062461313914e+02,2.944940062461313914e+02,7.885604827309618649e-04,7.885604827309618649e-04,9.931124406629123769e-01,9.931124406629123769e-01,2.655058410464135842e-06,2.655058410464135842e-06
2.954871186867943038e+02,2.954871186867943038e+02,7.912155411414260008e-04,7.912155411414260008e-04,9.931482456081539567e-01,9.931482456081539567e-01,2.655051360925990769e-06,2.655051360925990769e-06
2.964802669324024578e+02,2.964802669324024578e+02,7.938705925023519915e-04,7.938705925023519915e-04,9.931535365496415579e-01,9.931535365496415579e-01,2.655137369884734942e-06,2.655137369884734942e-06
2.974734204689520993e+02,2.974734204689520993e+02,7.965257298722367265e-04,7.965257298722367265e-04,9.931587722417702935e-01,9.931587722417702935e-01,2.655037262158264563e-06,2.655037262158264563e-06
2.984665792411938696e+02,2.984665792411938696e+02,7.991807671343949910e-04,7.991807671343949910e-04,9.931640633258211892e-01,9.931640633258211892e-01,2.655123270697856176e-06,2.655123270697856176e-06
2.994597433045196908e+02,2.994597433045196908e+02,8.018358904050928472e-04,8.018358904050928472e-04,9.931998688576868517e-01,9.931998688576868517e-01,2.655116221036979418e-06,2.655116221036979418e-06
3.004529431733773777e+02,3.004529431733773777e+02,8.044910066261298266e-04,8.044910066261298266e-04,9.931745621622667386e-01,9.931745621622667386e-01,2.655016114163884569e-06,2.655016114163884569e-06
3.014461177355396444e+02,3.014461177355396444e+02,8.071460227402937112e-04,8.071460227402937112e-04,9.932103957511912995e-01,9.932103957511912995e-01,2.655102122074638922e-06,2.655102122074638922e-06
3.024393281312908357e+02,3.024393281312908357e+02,8.098011248623683501e-04,8.098011248623683501e-04,9.932156592532237482e-01,9.932156592532237482e-01,2.655095072526085509e-06,2.655095072526085509e-06
3.034325437905440594e+02,3.034325437905440594e+02,8.124562199348944356e-04,8.124562199348944356e-04,9.932209227341104452e-01,9.932209227341104452e-01,2.655088023014937071e-06,2.655088023014937071e-06
3.044257647132781699e+02,3.044257647132781699e+02,8.151113079579093727e-04,8.151113079579093727e-04,9.932567287283404767e-01,9.932567287283404767e-01,2.655080973319365843e-06,2.655080973319365843e-06
3.054190214420065104e+02,3.054190214420065104e+02,8.177663889312287385e-04,8.177663889312287385e-04,9.932314497141874199e-01,9.932314497141874199e-01,2.655073924104963540e-06,2.655073924104963540e-06
3.064122528917206978e+02,3.064122528917206978e+02,8.204214628553337021e-04,8.204214628553337021e-04,9.932672558286412823e-01,9.932672558286412823e-01,2.655066874706138447e-06,2.655066874706138447e-06
3.074055201475493391e+02,3.074055201475493391e+02,8.230765297300398405e-04,8.230765297300398405e-04,9.932725480622366376e-01,9.932725480622366376e-01,2.655152880642994324e-06,2.655152880642994324e-06
3.083987926956115757e+02,3.083987926956115757e+02,8.257316826106828348e-04,8.257316826106828348e-04,9.932777830182430989e-01,9.932777830182430989e-01,2.655052775773721931e-06,2.655052775773721931e-06
3.093920704786298188e+02,3.093920704786298188e+02,8.283867353864565568e-04,8.283867353864565568e-04,9.932830753943449054e-01,9.932830753943449054e-01,2.655138781291208408e-06,2.655138781291208408e-06
3.103853535540241637e+02,3.103853535540241637e+02,8.310418741677477652e-04,8.310418741677477652e-04,9.932883101238871859e-01,9.932883101238871859e-01,2.655038676991142155e-06,2.655038676991142155e-06
3.113786418641480509e+02,3.113786418641480509e+02,8.336969128447389073e-04,8.336969128447389073e-04,9.933241457441681632e-01,9.933241457441681632e-01,2.655124682089259232e-06,2.655124682089259232e-06
3.123719660098922191e+02,3.123719660098922191e+02,8.363520375268281666e-04,8.363520375268281666e-04,9.933293804094773805e-01,9.933293804094773805e-01,2.655024578358073858e-06,2.655024578358073858e-06
3.133652953903016964e+02,3.133652953903016964e+02,8.390070621051862404e-04,8.390070621051862404e-04,9.933041299689762127e-01,9.933041299689762127e-01,2.655110583037146796e-06,2.655110583037146796e-06
3.143585995202706727e+02,3.143585995202706727e+02,8.416621726882233872e-04,8.416621726882233872e-04,9.933399369103881327e-01,9.933399369103881327e-01,2.655103533443598993e-06,2.655103533443598993e-06
3.153519394571810608e+02,3.153519394571810608e+02,8.443172762216669862e-04,8.443172762216669862e-04,9.933757440741715072e-01,9.933757440741715072e-01,2.655096484109392349e-06,2.655096484109392349e-06
3.163453152012552323e+02,3.163453152012552323e+02,8.469723727057763786e-04,8.469723727057763786e-04,9.933504644463937439e-01,9.933504644463937439e-01,2.655089434368935151e-06,2.655089434368935151e-06
3.173386656657016260e+02,3.173386656657016260e+02,8.496274621401453137e-04,8.496274621401453137e-04,9.933862717301167322e-01,9.933862717301167322e-01,2.655082384887819114e-06,2.655082384887819114e-06
3.183320519374317428e+02,3.183320519374317428e+02,8.522825445250331328e-04,8.522825445250331328e-04,9.933609918985553122e-01,9.933609918985553122e-01,2.655075335443999630e-06,2.655075335443999630e-06
3.193254129293302981e+02,3.193254129293302981e+02,8.549376198604771325e-04,8.549376198604771325e-04,9.933967993023316012e-01,9.933967993023316012e-01,2.655068286037585122e-06,2.655068286037585122e-06
3.203188097286326297e+02,3.203188097286326297e+02,8.575926881465147176e-04,8.575926881465147176e-04,9.934020630976192479e-01,9.934020630976192479e-01,2.655061236890728614e-06,2.655061236890728614e-06
3.213122117917302489e+02,3.213122117917302489e+02,8.602477493834054462e-04,8.602477493834054462e-04,9.934379007489155811e-01,9.934379007489155811e-01,2.655147239176533676e-06,2.655147239176533676e-06
3.223056496924791645e+02,3.223056496924791645e+02,8.629028966225819799e-04,8.629028966225819799e-04,9.934125907983002435e-01,9.934125907983002435e-01,2.655047137796332293e-06,2.655047137796332293e-06
3.232990622832774648e+02,3.232990622832774648e+02,8.655579437603783122e-04,8.655579437603783122e-04,9.934483986045279380e-01,9.934483986045279380e-01,2.655040088761473870e-06,2.655040088761473870e-06
3.242925106818819927e+02,3.242925106818819927e+02,8.682129838491397860e-04,8.682129838491397860e-04,9.934231485648865601e-01,9.934231485648865601e-01,2.655126090418658512e-06,2.655126090418658512e-06
3.252859338304468793e+02,3.252859338304468793e+02,8.708681099395584446e-04,8.708681099395584446e-04,9.934589566756244494e-01,9.934589566756244494e-01,2.655119040964647528e-06,2.655119040964647528e-06
3.262793927871225037e+02,3.262793927871225037e+02,8.735232289805230921e-04,8.735232289805230921e-04,9.934641902651151213e-01,9.934641902651151213e-01,2.655018940500380141e-06,2.655018940500380141e-06
3.272728569773876188e+02,3.272728569773876188e+02,8.761782479210234722e-04,8.761782479210234722e-04,9.935000289922868433e-01,9.935000289922868433e-01,2.655104941972274632e-06,2.655104941972274632e-06
3.282663570063799057e+02,3.282663570063799057e+02,8.788333528629957469e-04,8.788333528629957469e-04,9.934747486490778101e-01,9.934747486490778101e-01,2.655097892186931464e-06,2.655097892186931464e-06
3.292598317550289835e+02,3.292598317550289835e+02,8.814884507551826783e-04,8.814884507551826783e-04,9.935105571622671050e-01,9.935105571622671050e-01,2.655090842882757221e-06,2.655090842882757221e-06
3.302533423121912506e+02,3.302533423121912506e+02,8.841435415980654355e-04,8.841435415980654355e-04,9.935158212562669178e-01,9.935158212562669178e-01,2.655083793172115583e-06,2.655083793172115583e-06
3.312468581334475175e+02,3.312468581334475175e+02,8.867986253912375511e-04,8.867986253912375511e-04,9.935210853294051958e-01,9.935210853294051958e-01,2.655076743942859710e-06,2.655076743942859710e-06
3.322403792187769227e+02,3.322403792187769227e+02,8.894537021351804108e-04,8.894537021351804108e-04,9.935263493816250957e-01,9.935263493816250957e-01,2.655069694528964207e-06,2.655069694528964207e-06
3.332339055681585478e+02,3.332339055681585478e+02,8.921087718297093750e-04,8.921087718297093750e-04,9.935316444845057049e-01,9.935316444845057049e-01,2.655155694027285483e-06,2.655155694027285483e-06
3.342274372126430535e+02,3.342274372126430535e+02,8.947639275237366605e-04,8.947639275237366605e-04,9.935674224803392462e-01,9.935674224803392462e-01,2.655055595344795946e-06,2.655055595344795946e-06
3.352210046351233927e+02,3.352210046351233927e+02,8.974189831190814565e-04,8.974189831190814565e-04,9.935421415855785199e-01,9.935421415855785199e-01,2.655048546265159973e-06,2.655048546265159973e-06
3.362145467767089713e+02,3.362145467767089713e+02,9.000740316653466164e-04,9.000740316653466164e-04,9.935779820294214915e-01,9.935779820294214915e-01,2.655134545134535569e-06,2.655134545134535569e-06
3.372081247587383928e+02,3.372081247587383928e+02,9.027291662104811520e-04,9.027291662104811520e-04,9.935832148826193588e-01,9.935832148826193588e-01,2.655034447305529982e-06,2.655034447305529982e-06
3.382017079736210121e+02,3.382017079736210121e+02,9.053842006577866820e-04,9.053842006577866820e-04,9.935885105038551046e-01,9.935885105038551046e-01,2.655120445977580783e-06,2.655120445977580783e-06
3.391952964841248672e+02,3.391952964841248672e+02,9.080393211037642628e-04,9.080393211037642628e-04,9.936243201260026581e-01,9.936243201260026581e-01,2.655113396331666015e-06,2.655113396331666015e-06
3.401889208042508699e+02,3.401889208042508699e+02,9.106944345000959288e-04,9.106944345000959288e-04,9.935990073506104636e-01,9.935990073506104636e-01,2.655013299577972143e-06,2.655013299577972143e-06
3.411825198116014803e+02,3.411825198116014803e+02,9.133494477996739009e-04,9.133494477996739009e-04,9.936348487177610878e-01,9.936348487177610878e-01,2.655099297399357919e-06,2.655099297399357919e-06
3.421761546603192414e+02,3.421761546603192414e+02,9.160045470970732589e-04,9.160045470970732589e-04,9.936401130688068406e-01,9.936401130688068406e-01,2.655092247865766496e-06,2.655092247865766496e-06
3.431697947733880483e+02,3.431697947733880483e+02,9.186596393449390253e-04,9.186596393449390253e-04,9.936453773989342153e-01,9.936453773989342153e-01,2.655085198369580048e-06,2.655085198369580048e-06
3.441634401507869825e+02,3.441634401507869825e+02,9.213147245433086054e-04,9.213147245433086054e-04,9.936506417080295250e-01,9.936506417080295250e-01,2.655078148910906995e-06,2.655078148910906995e-06
3.451570907924950120e+02,3.451570907924950120e+02,9.239698026922195124e-04,9.239698026922195124e-04,9.936559059962633000e-01,9.936559059962633000e-01,2.655071099489747337e-06,2.655071099489747337e-06
3.461507466984912753e+02,3.461507466984912753e+02,9.266248737917092597e-04,9.266248737917092597e-04,9.936917484712353144e-01,9.936917484712353144e-01,2.655157095768747103e-06,2.655157095768747103e-06
3.471444384469625106e+02,3.471444384469625106e+02,9.292800308874780068e-04,9.292800308874780068e-04,9.936969807013724676e-01,9.936969807013724676e-01,2.655057000512444851e-06,2.655057000512444851e-06
3.481381354276638831e+02,3.481381354276638831e+02,9.319350878879904517e-04,9.319350878879904517e-04,9.937022450887411651e-01,9.937022450887411651e-01,2.655049951203500118e-06,2.655049951203500118e-06
3.491318376727526243e+02,3.491318376727526243e+02,9.345901378391939518e-04,9.345901378391939518e-04,9.937075420020278216e-01,9.937075420020278216e-01,2.655135947075598808e-06,2.655135947075598808e-06
3.501255452147546521e+02,3.501255452147546521e+02,9.372452737862695506e-04,9.372452737862695506e-04,9.937127738926392340e-01,9.937127738926392340e-01,2.655035852450735902e-06,2.655035852450735902e-06
3.511192579886472913e+02,3.511192579886472913e+02,9.399003096387202865e-04,9.399003096387202865e-04,9.937180709484323415e-01,9.937180709484323415e-01,2.655121847681962688e-06,2.655121847681962688e-06
3.521129760595957237e+02,3.521129760595957237e+02,9.425554314864022492e-04,9.425554314864022492e-04,9.937538818600160084e-01,9.937538818600160084e-01,2.655114798250394689e-06,2.655114798250394689e-06
3.531067299414557397e+02,3.531067299414557397e+02,9.452105462846526439e-04,9.452105462846526439e-04,9.937591135732759540e-01,9.937591135732759540e-01,2.655014704479015733e-06,2.655014704479015733e-06
3.541004890550290156e+02,3.541004890550290156e+02,9.478655609891316596e-04,9.478655609891316596e-04,9.937644110046903734e-01,9.937644110046903734e-01,2.655100699081296839e-06,2.655100699081296839e-06
3.550942534660337060e+02,3.550942534660337060e+02,9.505206616882129565e-04,9.505206616882129565e-04,9.937696755918068447e-01,9.937696755918068447e-01,2.655093649540332841e-06,2.655093649540332841e-06
3.560880231416255128e+02,3.560880231416255128e+02,9.531757553377532893e-04,9.531757553377532893e-04,9.937749401578912511e-01,9.937749401578912511e-01,2.655086600258601583e-06,2.655086600258601583e-06
3.570817980817834041e+02,3.570817980817834041e+02,9.558308419380118909e-04,9.558308419380118909e-04,9.938107515317256002e-01,9.938107515317256002e-01,2.655079550570619770e-06,2.655079550570619770e-06
3.580756088333151297e+02,3.580756088333151297e+02,9.584859214885825106e-04,9.584859214885825106e-04,9.937854693082499580e-01,9.937854693082499580e-01,2.655072501363698462e-06,2.655072501363698462e-06
3.590693943026233796e+02,3.590693943026233796e+02,9.611409939899462091e-04,9.611409939899462091e-04,9.938213142710310422e-01,9.938213142710310422e-01,2.655158494202091053e-06,2.655158494202091053e-06
3.600632156168944107e+02,3.600632156168944107e+02,9.637961524841483002e-04,9.637961524841483002e-04,9.938265455386954272e-01,9.938265455386954272e-01,2.655058402371650826e-06,2.655058402371650826e-06
3.610570421624331061e+02,3.610570421624331061e+02,9.664512108865199510e-04,9.664512108865199510e-04,9.938318101619643130e-01,9.938318101619643130e-01,2.655051352833397334e-06,2.655051352833397334e-06
3.620508739725950704e+02,3.620508739725950704e+02,9.691062622393533483e-04,9.691062622393533483e-04,9.938676557437702286e-01,9.938676557437702286e-01,2.655137345486499774e-06,2.655137345486499774e-06
3.630447416283388407e+02,3.630447416283388407e+02,9.717613995848398481e-04,9.717613995848398481e-04,9.938423395188920040e-01,9.938423395188920040e-01,2.655037254065887968e-06,2.655037254065887968e-06
3.640385839678577327e+02,3.640385839678577327e+02,9.744164368389057361e-04,9.744164368389057361e-04,9.938781854052649578e-01,9.938781854052649578e-01,2.655123246299837848e-06,2.655123246299837848e-06
3.650324621532629976e+02,3.650324621532629976e+02,9.770715600852055739e-04,9.770715600852055739e-04,9.938834162691136953e-01,9.938834162691136953e-01,2.655023155669934687e-06,2.655023155669934687e-06
3.660263455695321113e+02,3.660263455695321113e+02,9.797265832408755086e-04,9.797265832408755086e-04,9.938887150638606727e-01,9.938887150638606727e-01,2.655109147040859638e-06,2.655109147040859638e-06
3.670202342845959720e+02,3.670202342845959720e+02,9.823816923879163682e-04,9.823816923879163682e-04,9.938939799079093973e-01,9.938939799079093973e-01,2.655102097676945855e-06,2.655102097676945855e-06
3.680141282645038814e+02,3.680141282645038814e+02,9.850367944855933141e-04,9.850367944855933141e-04,9.938992447309260569e-01,9.938992447309260569e-01,2.655095048128717702e-06,2.655095048128717702e-06
3.690080275092348074e+02,3.690080275092348074e+02,9.876918895337220318e-04,9.876918895337220318e-04,9.939350573340561823e-01,9.939350573340561823e-01,2.655087998617569264e-06,2.655087998617569264e-06
3.700019625665688636e+02,3.700019625665688636e+02,9.903469775323396011e-04,9.903469775323396011e-04,9.939097743950924269e-01,9.939097743950924269e-01,2.655080949143934221e-06,2.655080949143934221e-06
3.709958723409639560e+02,3.709958723409639560e+02,9.930020584814835353e-04,9.930020584814835353e-04,9.939455871183326963e-01,9.939455871183326963e-01,2.655073899485984809e-06,2.655073899485984809e-06
3.719898179280822887e+02,3.719898179280822887e+02,9.956571323809695201e-04,9.956571323809695201e-04,9.939508520195659003e-01,9.939508520195659003e-01,2.655066850309204321e-06,2.655066850309204321e-06
3.729837687801018546e+02,3.729837687801018546e+02,9.983121992312787244e-04,9.983121992312787244e-04,9.939866997848412211e-01,9.939866997848412211e-01,2.655152839940852147e-06,2.655152839940852147e-06
3.739777554798866959e+02,3.739777554798866959e+02,1.000967352071219577e-03,1.000967352071219577e-03,9.939613819323653843e-01,9.939613819323653843e-01,2.655052751377113066e-06,2.655052751377113066e-06
3.749717168618190613e+02,3.749717168618190613e+02,1.003622404822596690e-03,1.003622404822596690e-03,9.939971950578865290e-01,9.939971950578865290e-01,2.655045702090611318e-06,2.655045702090611318e-06
3.759657140568769478e+02,3.759657140568769478e+02,1.006277450524687301e-03,1.006277450524687301e-03,9.939719467054146662e-01,9.939719467054146662e-01,2.655131691093638724e-06,2.655131691093638724e-06
3.769596860035823624e+02,3.769596860035823624e+02,1.008932582215780940e-03,1.008932582215780940e-03,9.940077250069521142e-01,9.940077250069521142e-01,2.655031603383166752e-06,2.655031603383166752e-06
3.779536937285893146e+02,3.779536937285893146e+02,1.011587613819164106e-03,1.011587613819164106e-03,9.940130251650884929e-01,9.940130251650884929e-01,2.655117591966824758e-06,2.655117591966824758e-06
3.789477067537544031e+02,3.789477067537544031e+02,1.014242731411130931e-03,1.014242731411130931e-03,9.940488388774610939e-01,9.940488388774610939e-01,2.655110542336197241e-06,2.655110542336197241e-06
3.799417555926318641e+02,3.799417555926318641e+02,1.016897841953467128e-03,1.016897841953467128e-03,9.940235554271907858e-01,9.940235554271907858e-01,2.655103492964910883e-06,2.655103492964910883e-06
3.809357791480590549e+02,3.809357791480590549e+02,1.019552945446432039e-03,1.019552945446432039e-03,9.940593692594461572e-01,9.940593692594461572e-01,2.655096443187048710e-06,2.655096443187048710e-06
3.819298385173185011e+02,3.819298385173185011e+02,1.022208041889619088e-03,1.022208041889619088e-03,9.940340856050511320e-01,9.940340856050511320e-01,2.655089393668744538e-06,2.655089393668744538e-06
3.829238726029235522e+02,3.829238726029235522e+02,1.024863131283287833e-03,1.024863131283287833e-03,9.940698995575871777e-01,9.940698995575871777e-01,2.655082344187736920e-06,2.655082344187736920e-06
3.839179425024811394e+02,3.839179425024811394e+02,1.027518213627475569e-03,1.027518213627475569e-03,9.940751647157526349e-01,9.940751647157526349e-01,2.655075294744242698e-06,2.655075294744242698e-06
3.849120176671968920e+02,3.849120176671968920e+02,1.030173288922219812e-03,1.030173288922219812e-03,9.941109789505162553e-01,9.941109789505162553e-01,2.655068245559872794e-06,2.655068245559872794e-06
3.859061286461474083e+02,3.859061286461474083e+02,1.032828357167779685e-03,1.032828357167779685e-03,9.940856950501597566e-01,9.940856950501597566e-01,2.655061195969360757e-06,2.655061195969360757e-06
3.869002143411975680e+02,3.869002143411975680e+02,1.035483418363749046e-03,1.035483418363749046e-03,9.941215094050335210e-01,9.941215094050335210e-01,2.655054146638189880e-06,2.655054146638189880e-06
3.878943358506026016e+02,3.878943358506026016e+02,1.038138472510387236e-03,1.038138472510387236e-03,9.941268107841096935e-01,9.941268107841096935e-01,2.655140132853950341e-06,2.655140132853950341e-06
3.888884626613867113e+02,3.888884626613867113e+02,1.040793612643241186e-03,1.040793612643241186e-03,9.941320399488517978e-01,9.941320399488517978e-01,2.655040047840973375e-06,2.655040047840973375e-06
3.898825947013355631e+02,3.898825947013355631e+02,1.043448652691082159e-03,1.043448652691082159e-03,9.941373414704344214e-01,9.941373414704344214e-01,2.655126033415753511e-06,2.655126033415753511e-06
3.908767320428059975e+02,3.908767320428059975e+02,1.046103778724497913e-03,1.046103778724497913e-03,9.941426068282908091e-01,9.941426068282908091e-01,2.655118983962067788e-06,2.655118983962067788e-06
3.918708746496342883e+02,3.918708746496342883e+02,1.048758897708459981e-03,1.048758897708459981e-03,9.941783853182641906e-01,9.941783853182641906e-01,2.655018899802357932e-06,2.655018899802357932e-06
3.928650530349525525e+02,3.928650530349525525e+02,1.051413916608262339e-03,1.051413916608262339e-03,9.941531374699366097e-01,9.941531374699366097e-01,2.655104884970345414e-06,2.655104884970345414e-06
3.938592061724224891e+02,3.938592061724224891e+02,1.054069021493232684e-03,1.054069021493232684e-03,9.941889525915712511e-01,9.941889525915712511e-01,2.655097835185110666e-06,2.655097835185110666e-06
3.948533951250140603e+02,3.948533951250140603e+02,1.056724119328417795e-03,1.056724119328417795e-03,9.941942180276441832e-01,9.941942180276441832e-01,2.655090785881261684e-06,2.655090785881261684e-06
3.958475893430417045e+02,3.958475893430417045e+02,1.059379210114299056e-03,1.059379210114299056e-03,9.941994834426850502e-01,9.941994834426850502e-01,2.655083736392881491e-06,2.655083736392881491e-06
3.968417888264843896e+02,3.968417888264843896e+02,1.062034293850691938e-03,1.062034293850691938e-03,9.942352989065739166e-01,9.942352989065739166e-01,2.655076686720186929e-06,2.655076686720186929e-06
3.978360241253909635e+02,3.978360241253909635e+02,1.064689370537412125e-03,1.064689370537412125e-03,9.942100142908998350e-01,9.942100142908998350e-01,2.655069637528444451e-06,2.655069637528444451e-06
3.988302341396818633e+02,3.988302341396818633e+02,1.067344440174940569e-03,1.067344440174940569e-03,9.942458298748420020e-01,9.942458298748420020e-01,2.655062587930559839e-06,2.655062587930559839e-06
3.998244799695567053e+02,3.998244799695567053e+02,1.069999502762871129e-03,1.069999502762871129e-03,9.942511326174212627e-01,9.942511326174212627e-01,2.655148571137225591e-06,2.655148571137225591e-06
4.008187311021741266e+02,4.008187311021741266e+02,1.072654651334008355e-03,1.072654651334008355e-03,9.942563609327521590e-01,9.942563609327521590e-01,2.655048489265615999e-06,2.655048489265615999e-06
4.018129874631068787e+02,4.018129874631068787e+02,1.075309699823273971e-03,1.075309699823273971e-03,9.942616638175536536e-01,9.942616638175536536e-01,2.655134471831301426e-06,2.655134471831301426e-06
4.028072491269244324e+02,4.028072491269244324e+02,1.077964834295105272e-03,1.077964834295105272e-03,9.942974424625958818e-01,9.942974424625958818e-01,2.655034390528464294e-06,2.655034390528464294e-06
4.038015465693870283e+02,4.038015465693870283e+02,1.080619868685633736e-03,1.080619868685633736e-03,9.942721950149007171e-01,9.942721950149007171e-01,2.655120372674997162e-06,2.655120372674997162e-06
4.047958187644019290e+02,4.047958187644019290e+02,1.083274989058308733e-03,1.083274989058308733e-03,9.943080113058044844e-01,9.943080113058044844e-01,2.655113323029624495e-06,2.655113323029624495e-06
4.057901267757077335e+02,4.057901267757077335e+02,1.085930102381338358e-03,1.085930102381338358e-03,9.943132392172628897e-01,9.943132392172628897e-01,2.655013242358226708e-06,2.655013242358226708e-06
4.067844400149249964e+02,4.067844400149249964e+02,1.088585115623696585e-03,1.088585115623696585e-03,9.943185426203626776e-01,9.943185426203626776e-01,2.655099224097966920e-06,2.655099224097966920e-06
4.077787585575453591e+02,4.077787585575453591e+02,1.091240214847794552e-03,1.091240214847794552e-03,9.943238082923926413e-01,9.943238082923926413e-01,2.655092174564700758e-06,2.655092174564700758e-06
4.087730823658377517e+02,4.087730823658377517e+02,1.093895307022359252e-03,1.093895307022359252e-03,9.943596249855204405e-01,9.943596249855204405e-01,2.655085125069164831e-06,2.655085125069164831e-06
4.097674419908232721e+02,4.097674419908232721e+02,1.096550392147428417e-03,1.096550392147428417e-03,9.943343396544150892e-01,9.943343396544150892e-01,2.655078075610708618e-06,2.655078075610708618e-06
4.107617763304776872e+02,4.107617763304776872e+02,1.099205470223039126e-03,1.099205470223039126e-03,9.943701564677098759e-01,9.943701564677098759e-01,2.655071026189765801e-06,2.655071026189765801e-06
4.117561464869453971e+02,4.117561464869453971e+02,1.101860541249228892e-03,1.101860541249228892e-03,9.943754605735080077e-01,9.943754605735080077e-01,2.655157006387770524e-06,2.655157006387770524e-06
4.127505219475189051e+02,4.127505219475189051e+02,1.104515698255616662e-03,1.104515698255616662e-03,9.943806880392003222e-01,9.943806880392003222e-01,2.655056927213439097e-06,2.655056927213439097e-06
4.137449026355581054e+02,4.137449026355581054e+02,1.107170755182830101e-03,1.107170755182830101e-03,9.943859537474395438e-01,9.943859537474395438e-01,2.655049877904819625e-06,2.655049877904819625e-06
4.147392885893055450e+02,4.147392885893055450e+02,1.109825805060734921e-03,1.109825805060734921e-03,9.944218095951669056e-01,9.944218095951669056e-01,2.655135857252159323e-06,2.655135857252159323e-06
4.157337103989007119e+02,4.157337103989007119e+02,1.112480940917987080e-03,1.112480940917987080e-03,9.944270368835645968e-01,9.944270368835645968e-01,2.655035779153139611e-06,2.655035779153139611e-06
4.167281374357842765e+02,4.167281374357842765e+02,1.115135976697140220e-03,1.115135976697140220e-03,9.944017898170045555e-01,9.944017898170045555e-01,2.655121758081109909e-06,2.655121758081109909e-06
4.177225392256012810e+02,4.177225392256012810e+02,1.117791098455221330e-03,1.117791098455221330e-03,9.944376073972307495e-01,9.944376073972307495e-01,2.655114708650192432e-06,2.655114708650192432e-06
4.187169768329985118e+02,4.187169768329985118e+02,1.120446213163871522e-03,1.120446213163871522e-03,9.944428343461026998e-01,9.944428343461026998e-01,2.655014631182612064e-06,2.655014631182612064e-06
4.197114196673446145e+02,4.197114196673446145e+02,1.123101227795054134e-03,1.123101227795054134e-03,9.944786911172514010e-01,9.944786911172514010e-01,2.655100609481961943e-06,2.655100609481961943e-06
4.207058983584618659e+02,4.207058983584618659e+02,1.125756328404536096e-03,1.125756328404536096e-03,9.944534051726350299e-01,9.944534051726350299e-01,2.655093560163367811e-06,2.655093560163367811e-06
4.217003517636345009e+02,4.217003517636345009e+02,1.128411421964699464e-03,1.128411421964699464e-03,9.944892231550284123e-01,9.944892231550284123e-01,2.655086510438414704e-06,2.655086510438414704e-06
4.226948409867895293e+02,4.226948409867895293e+02,1.131066508475137879e-03,1.131066508475137879e-03,9.944944891830687084e-01,9.944944891830687084e-01,2.655079460972802757e-06,2.655079460972802757e-06
4.236893354759725980e+02,4.236893354759725980e+02,1.133721587936110681e-03,1.133721587936110681e-03,9.944997551901337829e-01,9.944997551901337829e-01,2.655072411766315130e-06,2.655072411766315130e-06
4.246838352311627318e+02,4.246838352311627318e+02,1.136376660347876997e-03,1.136376660347876997e-03,9.945050211761667924e-01,9.945050211761667924e-01,2.655065362153685368e-06,2.655065362153685368e-06
4.256783402523388986e+02,4.256783402523388986e+02,1.139031725710030682e-03,1.139031725710030682e-03,9.945103267876334030e-01,9.945103267876334030e-01,2.655151338923876503e-06,2.655151338923876503e-06
4.266728505791265320e+02,4.266728505791265320e+02,1.141686877048954558e-03,1.141686877048954558e-03,9.945461056782392006e-01,9.945461056782392006e-01,2.655051263237423465e-06,2.655051263237423465e-06
4.276673966848047712e+02,4.276673966848047712e+02,1.144341928312191982e-03,1.144341928312191982e-03,9.945514115943296929e-01,9.945514115943296929e-01,2.655137239588245199e-06,2.655137239588245199e-06
4.286619480963991009e+02,4.286619480963991009e+02,1.146997065551780227e-03,1.146997065551780227e-03,9.945566379199703988e-01,9.945566379199703988e-01,2.655037164692826065e-06,2.655037164692826065e-06
4.296565047343190713e+02,4.296565047343190713e+02,1.149652102716473053e-03,1.149652102716473053e-03,9.945619439782831250e-01,9.945619439782831250e-01,2.655123140180839711e-06,2.655123140180839711e-06
4.306510666782973544e+02,4.306510666782973544e+02,1.152307225856653893e-03,1.152307225856653893e-03,9.945671700777438673e-01,9.945671700777438673e-01,2.655023066075803961e-06,2.655023066075803961e-06
4.316456338483750983e+02,4.316456338483750983e+02,1.154962248922729697e-03,1.154962248922729697e-03,9.945724762787335749e-01,9.945724762787335749e-01,2.655109041366709652e-06,2.655109041366709652e-06
4.326402063246538319e+02,4.326402063246538319e+02,1.157617357964096406e-03,1.157617357964096406e-03,9.946082954301687096e-01,9.946082954301687096e-01,2.655101991559790861e-06,2.655101991559790861e-06
4.336348146200840006e+02,4.336348146200840006e+02,1.160272459955656197e-03,1.160272459955656197e-03,9.946135617360596370e-01,9.946135617360596370e-01,2.655094942233390473e-06,2.655094942233390473e-06
4.346294281818200602e+02,4.346294281818200602e+02,1.162927554897889588e-03,1.162927554897889588e-03,9.946188280209184995e-01,9.946188280209184995e-01,2.655087892723326237e-06,2.655087892723326237e-06
4.356240470098409787e+02,4.356240470098409787e+02,1.165582642790612914e-03,1.165582642790612914e-03,9.946240942849726707e-01,9.946240942849726707e-01,2.655080843250124875e-06,2.655080843250124875e-06
4.366186711041259514e+02,4.366186711041259514e+02,1.168237723633863039e-03,1.168237723633863039e-03,9.946293605278242467e-01,9.946293605278242467e-01,2.655073793814436908e-06,2.655073793814436908e-06
4.376133004646537756e+02,4.376133004646537756e+02,1.170892797427677476e-03,1.170892797427677476e-03,9.946346267497006011e-01,9.946346267497006011e-01,2.655066744194651412e-06,2.655066744194651412e-06
4.386079350914034762e+02,4.386079350914034762e+02,1.173547864171872127e-03,1.173547864171872127e-03,9.946704872688769683e-01,9.946704872688769683e-01,2.655152717968324583e-06,2.655152717968324583e-06
4.396026055786723532e+02,4.396026055786723532e+02,1.176203016889840452e-03,1.176203016889840452e-03,9.946757128579974960e-01,9.946757128579974960e-01,2.655052645263644359e-06,2.655052645263644359e-06
4.405972812915303507e+02,4.405972812915303507e+02,1.178858069535104096e-03,1.178858069535104096e-03,9.946809791792361466e-01,9.946809791792361466e-01,2.655045596199620897e-06,2.655045596199620897e-06
4.415919622707095868e+02,4.415919622707095868e+02,1.181513115131303717e-03,1.181513115131303717e-03,9.946862866008814308e-01,9.946862866008814308e-01,2.655131568901018119e-06,2.655131568901018119e-06
4.425866485573104683e+02,4.425866485573104683e+02,1.184168246700204735e-03,1.184168246700204735e-03,9.946915118507604348e-01,9.946915118507604348e-01,2.655031497493260534e-06,2.655031497493260534e-06
4.435813400691612287e+02,4.435813400691612287e+02,1.186823278197697996e-03,1.186823278197697996e-03,9.947273732930170809e-01,9.947273732930170809e-01,2.655117469775722036e-06,2.655117469775722036e-06
4.445760674424542458e+02,4.445760674424542458e+02,1.189478395667473718e-03,1.189478395667473718e-03,9.947020859177087004e-01,9.947020859177087004e-01,2.655110420367139124e-06,2.655110420367139124e-06
4.455707695283719545e+02,4.455707695283719545e+02,1.192133506087840857e-03,1.192133506087840857e-03,9.947379063584094183e-01,9.947379063584094183e-01,2.655103370552847758e-06,2.655103370552847758e-06
4.465655074347303639e+02,4.465655074347303639e+02,1.194788609458393705e-03,1.194788609458393705e-03,9.947431313176480216e-01,9.947431313176480216e-01,2.655003300282851933e-06,2.655003300282851933e-06
4.475602505660480119e+02,4.475602505660480119e+02,1.197443612758676557e-03,1.197443612758676557e-03,9.947484393287595594e-01,9.947484393287595594e-01,2.655089271727008315e-06,2.655089271727008315e-06
4.485549990053767715e+02,4.485549990053767715e+02,1.200098702030403565e-03,1.200098702030403565e-03,9.947842601118850325e-01,9.947842601118850325e-01,2.655082222246651219e-06,2.655082222246651219e-06
4.495497832654886565e+02,4.495497832654886565e+02,1.202753784252650216e-03,1.202753784252650216e-03,9.947590142476769870e-01,9.947590142476769870e-01,2.655168192999303456e-06,2.655168192999303456e-06
4.505445422797363335e+02,4.505445422797363335e+02,1.205408952445649520e-03,1.205408952445649520e-03,5.426258034641477934e-01,5.426258034641477934e-01,1.448228306403327378e-06,1.448228306403327378e-06
