Sigma_1,Sigma_2,Epsilon_1,Epsilon_2,dSigma_1,dSigma_2,dEpsilon_1,dEpsilon_2
-0.000000000000000000e+00,-0.000000000000000000e+00,0.000000000000000000e+00,0.000000000000000000e+00,6.600042798297033331e-01,9.900040897087057923e-01,1.206863725446338567e-06,3.218282205023716388e-06
6.600042798297033331e-01,9.900040897087057923e-01,1.206863725446338567e-06,3.218282205023716388e-06,6.600074226054438720e-01,9.900134421787772920e-01,1.206850627379552693e-06,3.218289310080209930e-06
1.320011702435147205e+00,1.980017531887483084e+00,2.413714352825891260e-06,6.436571515103926318e-06,6.600145589252373046e-01,9.900219005890855684e-01,1.206857083645765745e-06,3.218285864687231426e-06
1.980026261360384510e+00,2.970039432476568653e+00,3.620571436471657004e-06,9.654857379791157744e-06,6.600204435577334827e-01,9.900306570464487699e-01,1.206857264048428920e-06,3.218284966113018817e-06
2.640046704918117992e+00,3.960070089523017423e+00,4.827428700520085924e-06,1.287314234590417656e-05,6.600263282043230539e-01,9.900394135313623778e-01,1.206856898888378709e-06,3.218285522326986862e-06
3.300073033122441046e+00,4.950109503054379800e+00,6.034285599408464633e-06,1.609142786823116342e-05,6.600322128686113565e-01,9.900481700452736789e-01,1.206857261584836558e-06,3.218286806572457856e-06
3.960105245991052403e+00,5.940157673099653479e+00,7.241142860993301191e-06,1.930971467480362128e-05,6.600380975474720024e-01,9.900569265658445417e-01,1.206857260128149105e-06,3.218285180055042093e-06
4.620143343538524405e+00,6.930214599665498021e+00,8.448000121121450296e-06,2.252799985485866337e-05,6.600437438209860730e-01,9.900656831161294136e-01,1.206857258669707448e-06,3.218285008762869211e-06
5.280187087359510478e+00,7.920280282781627434e+00,9.654857379791157744e-06,2.574628486362153258e-05,6.600496285303432131e-01,9.900749165528601736e-01,1.206857257431557037e-06,3.218286292677206226e-06
5.940236715889853691e+00,8.910355199334487608e+00,1.086171463722271478e-05,2.896457115629873881e-05,6.600555132504322131e-01,9.900831962872072012e-01,1.206856528560263273e-06,3.218284666300841779e-06
6.600292229140285905e+00,9.900438395621694809e+00,1.206857116578297805e-05,3.218285582259958059e-05,6.600613980004652603e-01,9.900914760668282355e-01,1.206857982581384443e-06,3.218285949920414717e-06
7.260353627140751165e+00,1.089052987168852304e+01,1.327542914836436250e-05,3.540114177251999530e-05,6.600668059017955613e-01,9.901007095798259883e-01,1.206856525854909496e-06,3.218287233716306034e-06
7.920420433042546726e+00,1.188063058126834903e+01,1.448228567421927199e-05,3.861942900623630134e-05,6.600726906711811282e-01,9.901099430868036677e-01,1.206856524611500705e-06,3.218285607249590276e-06
8.580493123713727854e+00,1.287074052435515270e+01,1.568914219883077270e-05,4.183771461348589161e-05,6.600795291599794723e-01,9.901182228992855272e-01,1.206857978400055427e-06,3.218283980543204851e-06
9.240572652873707327e+00,1.386085874725443823e+01,1.689600017723082813e-05,4.505599859402909646e-05,6.600849371044628100e-01,9.901265028117922640e-01,1.206856521895630167e-06,3.218288174659552205e-06
9.900657589978170137e+00,1.485098525006623049e+01,1.810285669912645829e-05,4.827428676868864867e-05,6.600903450906017156e-01,9.901366900637142976e-01,1.206857975677162986e-06,3.218283637691671012e-06
1.056074793506877185e+01,1.584112194012994479e+01,1.930971467480362128e-05,5.149257040638031968e-05,6.600957530607800550e-01,9.901440163064485489e-01,1.206856519172747890e-06,3.218287831272497032e-06
1.122084368812955191e+01,1.683126595643639334e+01,2.051657119397636917e-05,5.471085823765281671e-05,6.601030684665278869e-01,9.901532498743996769e-01,1.206857972947263888e-06,3.218283294713427821e-06
1.188094675659607979e+01,1.782141920631079302e+01,2.172342916692363306e-05,5.792914153236624453e-05,6.601075227708275150e-01,9.901615298333474868e-01,1.206856516664893398e-06,3.218284578042122869e-06
1.254105427936690731e+01,1.881158073614414050e+01,2.293028568358852645e-05,6.114742611040836740e-05,6.601138844964715702e-01,9.901717172859036964e-01,1.206856515187176658e-06,3.218285861325112019e-06
1.320116816386337888e+01,1.980175245343004420e+01,2.413714219877570311e-05,6.436571197173347942e-05,6.601202462393818138e-01,9.901799973015918965e-01,1.206856513707701479e-06,3.218287145006403166e-06
1.386128841010276069e+01,2.079193245073163610e+01,2.534399871248340459e-05,6.758399911673988259e-05,6.601256543210443084e-01,9.901882773394845572e-01,1.206857967690221664e-06,3.218288428197946640e-06
1.452141406442380500e+01,2.178212072807112065e+01,2.655085668017362626e-05,7.080228754493782923e-05,6.601310623752194573e-01,9.901965572670832216e-01,1.206856511185826897e-06,3.218283891319329167e-06
1.518154512679902446e+01,2.277231728533820387e+01,2.775771319135945315e-05,7.402057143625715839e-05,6.601374241883597449e-01,9.902067448338698341e-01,1.206857964939285656e-06,3.218285174678910425e-06
1.584168255098738420e+01,2.376252403017207371e+01,2.896457115629873881e-05,7.723885661093606882e-05,6.601428322705320539e-01,9.902150249391930004e-01,1.206856508434894277e-06,3.218286457770720851e-06
1.650182538325791626e+01,2.475273905511126671e+01,3.017142766473363309e-05,8.045714306870678967e-05,6.601491941178174727e-01,9.902233050667454961e-01,1.206857962181339604e-06,3.218287741038849655e-06
1.716197457737573373e+01,2.574296236017801220e+01,3.137828562691497269e-05,8.367543080974563932e-05,6.601546022279833892e-01,9.902315850609575421e-01,1.206856505676958389e-06,3.218283204089745489e-06
1.782212917960371712e+01,2.673319394523896975e+01,3.258514213259193108e-05,8.689371401383538481e-05,6.601600104028690907e-01,9.902398652214259300e-01,1.206857959638414559e-06,3.218284487081863525e-06
1.848228919000658621e+01,2.772343381046039568e+01,3.379200009223034564e-05,9.011199850091724834e-05,6.601673259541200878e-01,9.902500529307936006e-01,1.206856502912005680e-06,3.218285770472317439e-06
1.914245651596070630e+01,2.871368386339118928e+01,3.499885659514235132e-05,9.333028427138956578e-05,6.601727341631473678e-01,9.902583331479952733e-01,1.206857956866448417e-06,3.218287053372983022e-06
1.980262925012385367e+01,2.970394219653918455e+01,3.620571455200879973e-05,9.654857132476254880e-05,6.601781423293111573e-01,9.902685207477297524e-01,1.206856500140039538e-06,3.218282516131361110e-06
2.046280739245316482e+01,3.069421071728691430e+01,3.741257105214883927e-05,9.976685384089390991e-05,6.601835505678792515e-01,9.902748936494703003e-01,1.206857954087462066e-06,3.218289619499954310e-06
2.112299094302104407e+01,3.168448561093638460e+01,3.861942900623630134e-05,1.029851434603938642e-04,6.601889587597398190e-01,9.902869890357450799e-01,1.206856497583104568e-06,3.218290902263481871e-06
2.178317990178078389e+01,3.267477259997212968e+01,3.982628550381940591e-05,1.062034343626573461e-04,6.601962744547336115e-01,9.902914538599105754e-01,1.206857951301469058e-06,3.218280544900484013e-06
2.244337617623551751e+01,3.366506405383204026e+01,4.103314345512087496e-05,1.094217149075578301e-04,6.602016826769023794e-01,9.903016417286778506e-01,1.206856494797118337e-06,3.218281828091526043e-06
2.310357785891241988e+01,3.465536569556071811e+01,4.223999994991799330e-05,1.126399967356493561e-04,6.602070909791422082e-01,9.903118300529314411e-01,1.206857948508469394e-06,3.218294750798687668e-06
2.376378494989156209e+01,3.564567752561364955e+01,4.344685789842646270e-05,1.158582914864480438e-04,6.602144066607991135e-01,9.903220175996381158e-01,1.206856492004118673e-06,3.218284393632933290e-06
2.442399935655236121e+01,3.663599954321328767e+01,4.465371439043058137e-05,1.190765758800809771e-04,6.602179075610905556e-01,9.903283904265336446e-01,1.206857945930494126e-06,3.218285676464806245e-06
2.508421726411345176e+01,3.762632793363982131e+01,4.586057233636107550e-05,1.222948615565457833e-04,6.602252232730414505e-01,9.903347632572305770e-01,1.206856489204105576e-06,3.218286959028949026e-06
2.574444248738649321e+01,3.861666269689705189e+01,4.706742882556518107e-05,1.255131485155747324e-04,6.602306316389743301e-01,9.903487660074574706e-01,1.206857943123467597e-06,3.218276601913338999e-06
2.640467311902546754e+01,3.960701146290450936e+01,4.827428676868864867e-05,1.287314251174880714e-04,6.602360399428199855e-01,9.903513241437096326e-01,1.206856486397092599e-06,3.218289524501550094e-06
2.706490915896828753e+01,4.059736278704821899e+01,4.948114325508574127e-05,1.319497146419896215e-04,6.602433557836064892e-01,9.903653274361730041e-01,1.206857940309420858e-06,3.218290806928514195e-06
2.772515251475189402e+01,4.158772811448439199e+01,5.068800119539516213e-05,1.351680054489181357e-04,6.602487641177496869e-01,9.903716998602405397e-01,1.206856483805097242e-06,3.218280449788157253e-06
2.838540127886964370e+01,4.257809981434463253e+01,5.189485767920025937e-05,1.383862858987062929e-04,6.602541724628387954e-01,9.903818879980406109e-01,1.206855027304283730e-06,3.218281732420658981e-06
2.904565545133248250e+01,4.356848170234267315e+01,5.310171270650454310e-05,1.416045676311269519e-04,6.602595809917310987e-01,9.903882614453323185e-01,1.206859391168147908e-06,3.218294654676155534e-06
2.970591503232421360e+01,4.455886996378800546e+01,5.430857209767269101e-05,1.448228622858031074e-04,6.602649893663503633e-01,9.904022643947953952e-01,1.206857934660320964e-06,3.218284297289007072e-06
3.036618002169056396e+01,4.554927222818280086e+01,5.551543003233301197e-05,1.480411465830921145e-04,6.602723052087178246e-01,9.904048221059724710e-01,1.206856478156004124e-06,3.218285579784330120e-06
3.102645232689928179e+01,4.653967705028877333e+01,5.672228651048901609e-05,1.512594321628764446e-04,6.602777136098012534e-01,9.904188256437720383e-01,1.206855021877228441e-06,3.218286862233981152e-06
3.168673004050908304e+01,4.753009587593254537e+01,5.792914153236624453e-05,1.544777190251104258e-04,6.602831222100604691e-01,9.904213827978693985e-01,1.206859385490987506e-06,3.218276504896977041e-06
3.234701316271914351e+01,4.852051725873041477e+01,5.913600091785723204e-05,1.576959955300074028e-04,6.602885306406776067e-01,9.904353869700912583e-01,1.206857929205205167e-06,3.218289426811546221e-06
3.300730169335982112e+01,4.951095264570050603e+01,6.034285884706243721e-05,1.609142849568189490e-04,6.602939390822086807e-01,9.904417600198769378e-01,1.206856472478864050e-06,3.218290709123991468e-06
3.366759563244202980e+01,5.050139440572038296e+01,6.154971531954130126e-05,1.641325756659429405e-04,6.603031624713509018e-01,9.904519478098663399e-01,1.206855016200108696e-06,3.218280351984285047e-06
3.432789879491338070e+01,5.149184635353024930e+01,6.275657033574140995e-05,1.673508560179272256e-04,6.603047562063153464e-01,9.904621362167063126e-01,1.206859380007817978e-06,3.218281634058232921e-06
3.498820355111969604e+01,5.248230848974695562e+01,6.396342971574922793e-05,1.705691376519854585e-04,6.603139796341892520e-01,9.904685099262451331e-01,1.206857923499997810e-06,3.218294555640114664e-06
3.564851753075388530e+01,5.347277699967320075e+01,6.517028763924922574e-05,1.737874322076255731e-04,6.603193881363296214e-01,9.904748824065450208e-01,1.206856466995714851e-06,3.218284198475580013e-06
3.630883691889021492e+01,5.446325188207974577e+01,6.637714410624494059e-05,1.770057164061011531e-04,6.603247966493981380e-01,9.904888862709384512e-01,1.206855010494941997e-06,3.218285480412430523e-06
3.696916171553961306e+01,5.545374076835068422e+01,6.758399911673988259e-05,1.802240018865135837e-04,6.603302053923982839e-01,9.904952594187292902e-01,1.206859374274570442e-06,3.218286762525572305e-06
3.762949192093201134e+01,5.644423602776941351e+01,6.879085849101445303e-05,1.834422886490391560e-04,6.603356139349969567e-01,9.905016325703144275e-01,1.206857917988794879e-06,3.218288044592960756e-06
3.828982753486700830e+01,5.743473766033972794e+01,6.999771640900324791e-05,1.866605766936321167e-04,6.603410224885308821e-01,9.905118204674039362e-01,1.206856461262494420e-06,3.218277687248367229e-06
3.895016855735553918e+01,5.842524948080713187e+01,7.120457287026574233e-05,1.898788543808804840e-04,6.603464310529858494e-01,9.905220097534126467e-01,1.206855004983766171e-06,3.218290608628153688e-06
3.961051498840852503e+01,5.941577149056054452e+01,7.241142787524950850e-05,1.930971449895086376e-04,6.603556548408491267e-01,9.905321977087240271e-01,1.206859368513269175e-06,3.218280251267026078e-06
4.027087064324937415e+01,6.040630368826926855e+01,7.361828724376277768e-05,1.963154252407756637e-04,6.603572484613380311e-01,9.905385716406200913e-01,1.206857912227520717e-06,3.218293172258478423e-06
4.093122789171071219e+01,6.139684225990988864e+01,7.482514515599029839e-05,1.995337184130341422e-04,6.603664720535817878e-01,9.905449441588913828e-01,1.206856455723251311e-06,3.218282814880843836e-06
4.159159436376429397e+01,6.238738720406878002e+01,7.603200161171354970e-05,2.027520012279149860e-04,6.603680656867325638e-01,9.905589490874078251e-01,1.206854999222519115e-06,3.218295735927942857e-06
4.225196242945102654e+01,6.337794615315618785e+01,7.723885661093606882e-05,2.059702969638429288e-04,6.603772895597472825e-01,9.905653216393517368e-01,1.206859362945958782e-06,3.218285378533828397e-06
4.291233971901077382e+01,6.436851147479553958e+01,7.844571597388202760e-05,2.091885823423767572e-04,6.603826982143559121e-01,9.905755096680906036e-01,1.206857906438192824e-06,3.218275020984401975e-06
4.357272241722512973e+01,6.535908698446363019e+01,7.965257388032022043e-05,2.124068573633611592e-04,6.603881068798713727e-01,9.905818837272306610e-01,1.206856449933964076e-06,3.218287942078907737e-06
4.423311052410500110e+01,6.634966886819086085e+01,8.085943033025418450e-05,2.156251453054400670e-04,6.603973305666457350e-01,9.905882562575527572e-01,1.206854993655235827e-06,3.218277584512947232e-06
4.489350785467164684e+01,6.734025712444841361e+01,8.206628532390942033e-05,2.188434228899530142e-04,6.603989245134087582e-01,9.906022614360665557e-01,1.206859357128590711e-06,3.218290505219145985e-06
4.555390677918505560e+01,6.833085938588448016e+01,8.327314468103801104e-05,2.220617133951721602e-04,6.604043332194109439e-01,9.906086340000399559e-01,1.206857900842869358e-06,3.218280147858723107e-06
4.621431111240446654e+01,6.932146801988452012e+01,8.448000258188088040e-05,2.252799935430308833e-04,6.604135569604423495e-01,9.906150081696125653e-01,1.206856444116596004e-06,3.218293068398551037e-06
4.687472466936490889e+01,7.031208302805413268e+01,8.568685902599747640e-05,2.284982866114294343e-04,6.604189656975094636e-01,9.906290118805287648e-01,1.206854987837908413e-06,3.218282710799603681e-06
4.753514363506241835e+01,7.130271203993466145e+01,8.689371401383538481e-05,2.317165693222290380e-04,6.604243747259488373e-01,9.906353861298669017e-01,1.206859351505199960e-06,3.218295631395159603e-06
4.819556800978836719e+01,7.229334742606452835e+01,8.810057336534058477e-05,2.349348649536241976e-04,6.604259684545894515e-01,9.906417587120728285e-01,1.206857894997461107e-06,3.218285273779705269e-06
4.885599397824295664e+01,7.328398918477660118e+01,8.930743126033804588e-05,2.381531502274039029e-04,6.604351922654529972e-01,9.906557624995713240e-01,1.206856438493232359e-06,3.218274916452946869e-06
4.951642917050840964e+01,7.427464494727617250e+01,9.051428769883127824e-05,2.413714251438568497e-04,6.604444161010434300e-01,9.906621368209300726e-01,1.206854981992540820e-06,3.218287836651901636e-06
5.017687358660945307e+01,7.526530708409710257e+01,9.172114268082381906e-05,2.445897129805087514e-04,6.604460101537199535e-01,9.906685094060492247e-01,1.206859345631737979e-06,3.218277479308609152e-06
5.083731959676317302e+01,7.625597559350315180e+01,9.292800202645555704e-05,2.478079904598173605e-04,6.604514189716823580e-01,9.906825150677605052e-01,1.206857889346043731e-06,3.218290399119284016e-06
5.149777101573485538e+01,7.724665810857091230e+01,9.413485991580160077e-05,2.510262808589366445e-04,6.604606428615653613e-01,9.906888876865309612e-01,1.206856432619811035e-06,3.218280041759511659e-06
5.215823165859642074e+01,7.823734699625744327e+01,9.534171634842141180e-05,2.542445609006961562e-04,6.604622366450243476e-01,9.906952621183080510e-01,1.206854976341136996e-06,3.218292961625806095e-06
5.281869389524144509e+01,7.922804225837575132e+01,9.654857132476254880e-05,2.574628538623219623e-04,6.604714608771757867e-01,9.907016347216597296e-01,1.206859339730235819e-06,3.218282604249608075e-06
5.347916535611862088e+01,8.021874389309741105e+01,9.775543066449278462e-05,2.606811364665715704e-04,6.604768694406928375e-01,9.907156405920147790e-01,1.206852063343291127e-06,3.218295523949531688e-06
5.413964222555931372e+01,8.120945953368942583e+01,9.896228272783607575e-05,2.638994319905211021e-04,6.604822789603304045e-01,9.907220132290177617e-01,1.206862247041631028e-06,3.218285166556853795e-06
5.480012450451964412e+01,8.220018154691844359e+01,1.001691449748777068e-04,2.671177171570779559e-04,6.604876878684322605e-01,9.907360172922921038e-01,1.206860790526912623e-06,3.218274809008755521e-06
5.546061219238807638e+01,8.319091756421073569e+01,1.013760057654046194e-04,2.703359919660867114e-04,6.604930961342958540e-01,9.907347603942611158e-01,1.206847693855297586e-06,3.218287728534176793e-06
5.612110528852237223e+01,8.418165232460499681e+01,1.025828534592599170e-04,2.735542796946208882e-04,6.604985057097536583e-01,9.907487664732173016e-01,1.206857877522060098e-06,3.218300647901575599e-06
5.678160379423212589e+01,8.517240109107821411e+01,1.037897113367819771e-04,2.767725803425224638e-04,6.605077297484456267e-01,9.907627686541218281e-01,1.206856421017872007e-06,3.218267013840761352e-06
5.744211152398057152e+01,8.616316385973233594e+01,1.049965677577998491e-04,2.799908473563632251e-04,6.605093242833319778e-01,9.907615137825303009e-01,1.206866604857497003e-06,3.218303209751830103e-06
5.810262084826390350e+01,8.715392537351486624e+01,1.062034343626573461e-04,2.832091505661150552e-04,6.605185476845036874e-01,9.907755159510429621e-01,1.206853508006012826e-06,3.218269575824372723e-06
5.876313939594840718e+01,8.814470088946590920e+01,1.074102878706633589e-04,2.864274201419394279e-04,6.605201415557857558e-01,9.907895243157440746e-01,1.206852051512382154e-06,3.218305771197243516e-06
5.942365953750419294e+01,8.913549041378165327e+01,1.086171399221757411e-04,2.896457259131366715e-04,6.605293663558953199e-01,9.907882633122397920e-01,1.206862235320416209e-06,3.218272137403143003e-06
6.008418890386008826e+01,9.012627867709389307e+01,1.098240021574961573e-04,2.928639980505398145e-04,6.605347753760071328e-01,9.908022696825611320e-01,1.206860778805711357e-06,3.218285056421428710e-06
6.074472367923609539e+01,9.111708094677645420e+01,1.110308629363018686e-04,2.960822831069612432e-04,6.605401836923476822e-01,9.908162761649208505e-01,1.206847682246500980e-06,3.218297975281637739e-06
6.140526386292844307e+01,9.210789722294137505e+01,1.122377106185483696e-04,2.993005810822428809e-04,6.605455934412916008e-01,9.908150171878133960e-01,1.206857865800913042e-06,3.218287617651085890e-06
6.206580945636973468e+01,9.309871224012918844e+01,1.134445684843492827e-04,3.025188686998939668e-04,6.605548176288209561e-01,9.908290215606001539e-01,1.206856409296752056e-06,3.218277260531247474e-06
6.272636427399855563e+01,9.408954126168978860e+01,1.146514248936460347e-04,3.057371459604252143e-04,6.605564123003162535e-01,9.908353964369354117e-01,1.206866592802009102e-06,3.218290178994909559e-06
6.338692068629887189e+01,9.508037665812672401e+01,1.158582914864480438e-04,3.089554361394201238e-04,6.605618206450074581e-01,9.908494008924293439e-01,1.206853496284960637e-06,3.218279821636546665e-06
6.404748250694387934e+01,9.607122605901915335e+01,1.170651449827330045e-04,3.121737159610566705e-04,6.605710448791057843e-01,9.908557758485727618e-01,1.206852039791343517e-06,3.218292740155882532e-06
6.470805355182298513e+01,9.706208183486772612e+01,1.182719970225243480e-04,3.153920087012125530e-04,6.605802698987446320e-01,9.908621485615185520e-01,1.206862223487027122e-06,3.218282382781093975e-06
6.536863382172172976e+01,9.805294398342924467e+01,1.194788592460113751e-04,3.186102910839936470e-04,6.605818638823848232e-01,9.908685212437120526e-01,1.206860766972349375e-06,3.218272025472929641e-06
6.602921568560411458e+01,9.904381250467295672e+01,1.206857200129837245e-04,3.218285631094665766e-04,6.605834570870001698e-01,9.908825280971740312e-01,1.206847670303539712e-06,3.218284943595718563e-06
6.668979914269111475e+01,1.000346950327701308e+02,1.218925676832872642e-04,3.250468480530622952e-04,6.605926821670493609e-01,9.908889031636789468e-01,1.206857853967605271e-06,3.218297861782475414e-06
6.735039182485816411e+01,1.010255839359338097e+02,1.230994255372548694e-04,3.282651459148447706e-04,6.606019065034018922e-01,9.908952758948430528e-01,1.206856397463484942e-06,3.218287504374727111e-06
6.801099373136156601e+01,1.020164792118286528e+02,1.243062819347183544e-04,3.314834334192194977e-04,6.606035013115558741e-01,9.909092805433488138e-01,1.206866580856377985e-06,3.218277147033548821e-06
6.867159723267312188e+01,1.030073884923720016e+02,1.255131485155747324e-04,3.347017105662530466e-04,6.606127248874003044e-01,9.909156556819027628e-01,1.206853484451720629e-06,3.218290065045749122e-06
6.933220995756052218e+01,1.039983041480539043e+02,1.267200020000264530e-04,3.379200006312987957e-04,6.606143189089834777e-01,9.909220284159516723e-01,1.206852027958184824e-06,3.218279707466208985e-06
6.999282427646950566e+01,1.049892261764698560e+02,1.279268540279846378e-04,3.411382803387650047e-04,6.606235441297201305e-01,9.909360356068930287e-01,1.206862211319446269e-06,3.218292625312092672e-06
7.065344782059922579e+01,1.059801622120767490e+02,1.291337162393040841e-04,3.443565729640770973e-04,6.606251381793413202e-01,9.909424083746216638e-01,1.206860755026840232e-06,3.218282268159999241e-06
7.131407295877856711e+01,1.069711046204513707e+02,1.303405769943309243e-04,3.475748552322370966e-04,6.606343617865206852e-01,9.909487836235228997e-01,1.206847658470421676e-06,3.218295185395639735e-06
7.197470732056508780e+01,1.079620534040748936e+02,1.315474246528013460e-04,3.507931504176327363e-04,6.606435870861275816e-01,9.909627884712364221e-01,1.206857841800132837e-06,3.218284828227066432e-06
7.263535090765121538e+01,1.089530161925461300e+02,1.327542824946014788e-04,3.540114352458598027e-04,6.606451811639146854e-01,9.909691612418924933e-01,1.206856385518070666e-06,3.218274470903181167e-06
7.329599608881513007e+01,1.099439853537880225e+02,1.339611388801195495e-04,3.572297097167629839e-04,6.606467760995116123e-01,9.909755365628001300e-01,1.206866568798586154e-06,3.218287388186309717e-06
7.395664286491464168e+01,1.109349608903508226e+02,1.351680054489181357e-04,3.604479971049492936e-04,6.606559997534873219e-01,9.909819093180232130e-01,1.206853472506387668e-06,3.218277031067880763e-06
7.461729886466812900e+01,1.119259427996688459e+02,1.363748589214245233e-04,3.636662741360171744e-04,6.606652242852106838e-01,9.909959168632127557e-01,1.206852016012824758e-06,3.218289948184692700e-06
7.527796408895333968e+01,1.129169387165320586e+02,1.375817109374373481e-04,3.668845640842018671e-04,6.606668192720661636e-01,9.910022923021983843e-01,1.206862199261762858e-06,3.218302865143536379e-06
7.593863090822540585e+01,1.139079410088342570e+02,1.387885731366991109e-04,3.701028669493454035e-04,6.606760438502163879e-01,9.910162946759299984e-01,1.206860742747139321e-06,3.218269233462762741e-06
7.659930695207562223e+01,1.148989573035101870e+02,1.399954338794462503e-04,3.733211361828081662e-04,6.606852675539585107e-01,9.910226701486521961e-01,1.206847646525197135e-06,3.218282150627008523e-06
7.725999221962958075e+01,1.158899799736588392e+02,1.412022815259714474e-04,3.765394183334351747e-04,6.606868625920583327e-01,9.910290456596442255e-01,1.206857829742530742e-06,3.218295067411349863e-06
7.792067908222163908e+01,1.168810090193184834e+02,1.424091393557139781e-04,3.797577134008465246e-04,6.606884567357695914e-01,9.910354184667369282e-01,1.206856373460468571e-06,3.218284710021490896e-06
7.858136753895740867e+01,1.178720444377852203e+02,1.436159957291744467e-04,3.829759981108680155e-04,6.606976822982773001e-01,9.910494263493774270e-01,1.206866556628660714e-06,3.218297626861506017e-06
7.924206522125568597e+01,1.188630938641345978e+02,1.448228622858031074e-04,3.861942957377295215e-04,6.607069060487589240e-01,9.910557991901214336e-01,1.206853460226849388e-06,3.218287269455167177e-06
7.990277212730444489e+01,1.198541496633247192e+02,1.460297157460299568e-04,3.894125830071846887e-04,6.607085002206645186e-01,9.910621720000705182e-01,1.206852003955331083e-06,3.218276912115615191e-06
8.056348062752510941e+01,1.208452118353247897e+02,1.472365677499852879e-04,3.926308599193003039e-04,6.607177258620282601e-01,9.910761771939036180e-01,1.206862187091918732e-06,3.218266554842579008e-06
8.122419835338713767e+01,1.218362880125186933e+02,1.484434299370772066e-04,3.958491264741428829e-04,6.607193200619434492e-01,9.910825557065123803e-01,1.206860730577349406e-06,3.218302745141383633e-06
8.188491767344908112e+01,1.228273705682252057e+02,1.496502906676545560e-04,3.990674292192842665e-04,6.607285438437884295e-01,9.910889285654320702e-01,1.206847634467757670e-06,3.218292387702139257e-06
8.254564621729286955e+01,1.238184594967906378e+02,1.508571383021223137e-04,4.022857216069864058e-04,6.607301390093169857e-01,9.911029338818906353e-01,1.206857817572795036e-06,3.218282030329573315e-06
8.320637635630218654e+01,1.248095624306725284e+02,1.520639961196951087e-04,4.055040036373159791e-04,6.607393637828806732e-01,9.911093067284610925e-01,1.206856361068742471e-06,3.218271673023685806e-06
8.386711572008506721e+01,1.258006717374009895e+02,1.532708524807638512e-04,4.087222753103396649e-04,6.607485895649318763e-01,9.911156854435319019e-01,1.206866544346574558e-06,3.218307862690237935e-06
8.452786430964999909e+01,1.267917874228445214e+02,1.544777190251104258e-04,4.119405831730299028e-04,6.607501828295880841e-01,9.911220523752746203e-01,1.206853448057167892e-06,3.218250958462109349e-06
8.518861449247958717e+01,1.277829094752197960e+02,1.556845724731675937e-04,4.151588341314920122e-04,6.607594076589862198e-01,9.911436962940030071e-01,1.206851991563686298e-06,3.218287147962399074e-06
8.584937390013857339e+01,1.287740531715137990e+02,1.568914244647312800e-04,4.183771212794544113e-04,6.607610029191448575e-01,9.911424426343842242e-01,1.206862174809940997e-06,3.218323337079965433e-06
8.651013490305771825e+01,1.297651956141481833e+02,1.580982866395412210e-04,4.215954446165343767e-04,6.607702277949272229e-01,9.911488094768685642e-01,1.206860718295398776e-06,3.218266433423590863e-06
8.717090513085264547e+01,1.307563444236250518e+02,1.593051473578366197e-04,4.248137110499579676e-04,6.607718210541833059e-01,9.911551884098059872e-01,1.206847622298211700e-06,3.218302622152904423e-06
8.783167695190682878e+01,1.317474996120348578e+02,1.605119949801348314e-04,4.280320136721108720e-04,6.607810469754866745e-01,9.911768266438230057e-01,1.206857805290871511e-06,3.218292264714473199e-06
8.849245799888231545e+01,1.327386764386786808e+02,1.617188527854257029e-04,4.312503059368253452e-04,6.607826412695345653e-01,9.911831995759143865e-01,1.206856348786873156e-06,3.218281907564656593e-06
8.915324064015185002e+01,1.337298596382545952e+02,1.629257091342125761e-04,4.344685878443900018e-04,6.607918672526693626e-01,9.911743070095440089e-01,1.206866531730364398e-06,3.218271550037591841e-06
8.981403250740451938e+01,1.347210339452641392e+02,1.641325756659429405e-04,4.376868593944275936e-04,6.608010911777597585e-01,9.911959452986138785e-01,1.206853435775379893e-06,3.218261193021132102e-06
9.047483359858227914e+01,1.357122298905627531e+02,1.653394291017183204e-04,4.409051205874487257e-04,6.608026854999877742e-01,9.912175900643092064e-01,1.206851979281898298e-06,3.218297381035197489e-06
9.113563628408226691e+01,1.367034474806270623e+02,1.665462810810002187e-04,4.441234179684839232e-04,6.608119115619928152e-01,9.912086974487692714e-01,1.206862162415802547e-06,3.218287023852475347e-06
9.179644819564425973e+01,1.376946561780758316e+02,1.677531432434160212e-04,4.473417049923363985e-04,6.608135059122304256e-01,9.912150703191286993e-01,1.206860705901287431e-06,3.218276666292505060e-06
9.245726170155649015e+01,1.386858712483949603e+02,1.689600039493173087e-04,4.505599816586289036e-04,6.608227298686699669e-01,9.912367153702632550e-01,1.206847609794541726e-06,3.218312854201511256e-06
9.311808443142516012e+01,1.396771079637652235e+02,1.701668515591118504e-04,4.537782945128304149e-04,6.608243253075585244e-01,9.912430818251323217e-01,1.206857792896841482e-06,3.218255951888571598e-06
9.377890875673271864e+01,1.406683510455903559e+02,1.713737093520086919e-04,4.569965504647189865e-04,6.608335503787401422e-01,9.912494612918862913e-01,1.206856336392870231e-06,3.218292139409324997e-06
9.443974230711145879e+01,1.416596005068822421e+02,1.725805656884015621e-04,4.602148426041283115e-04,6.608351458609575957e-01,9.912558342296051705e-01,1.206866519224011024e-06,3.218281781816503383e-06
9.510057745297241638e+01,1.426508563411118473e+02,1.737874322076255731e-04,4.634331243859448148e-04,6.608443698642076924e-01,9.912622138191409249e-01,1.206853423381404073e-06,3.218317969093365503e-06
9.576142182283662407e+01,1.436421185549309882e+02,1.749942856310069772e-04,4.666514423550381803e-04,6.608535949911811258e-01,9.912838460175237287e-01,1.206851966887976689e-06,3.218261067346704640e-06
9.642227541782780520e+01,1.446334024009485120e+02,1.762011375978949539e-04,4.698697034223848850e-04,6.608551905246571323e-01,9.912749597281163005e-01,1.206862149687540093e-06,3.218297254235422383e-06
9.708313060835246233e+01,1.456246773606766283e+02,1.774079997475824940e-04,4.730880006766203074e-04,6.608644156980858497e-01,9.912965986918038652e-01,1.206860693395042476e-06,3.218286896831522997e-06
9.774399502405054818e+01,1.466159739593684321e+02,1.786148604409775365e-04,4.763062875734518304e-04,6.608660101297942902e-01,9.913029716660730628e-01,1.206859236884078122e-06,3.218276539494302046e-06
9.840486103418034247e+01,1.476072769310345052e+02,1.798217196778616146e-04,4.795245641129461324e-04,6.608752341814181364e-01,9.913093515225739338e-01,1.206846140685283652e-06,3.218312725834034018e-06
9.906573626836176061e+01,1.485985862825570791e+02,1.810285658185468982e-04,4.827428768387801664e-04,6.608768309314854150e-01,9.913157175683977584e-01,1.206867963342002446e-06,3.218255824870112913e-06
9.972661309929324602e+01,1.495899020001254769e+02,1.822354337818889007e-04,4.859611326636502793e-04,6.608860550141457679e-01,9.913373637088227497e-01,1.206854867150255290e-06,3.218292011265464457e-06
1.003874991543073918e+02,1.505812393638342996e+02,1.834422886490391560e-04,4.891794246749157438e-04,6.608876494711495297e-01,9.913284704479394804e-01,1.206853410875321749e-06,3.218281653673510205e-06
1.010483868037785413e+02,1.515725678342822391e+02,1.846491420599144777e-04,4.923977063285892540e-04,6.608968759213666999e-01,9.913501097121013572e-01,1.206863593573051464e-06,3.218271296369953731e-06
1.017092836796999080e+02,1.525639179439943405e+02,1.858560056534875292e-04,4.956159776249592077e-04,6.609061000367830729e-01,9.913564898354252364e-01,1.206850497878004429e-06,3.218307481994545950e-06
1.023701897797366911e+02,1.535552744338297657e+02,1.870628561513655336e-04,4.988342851069537537e-04,6.609076957209083503e-01,9.913628628769401985e-01,1.206860680554673517e-06,3.218297124746717468e-06
1.030310974754575994e+02,1.545466372967067059e+02,1.882697168319202071e-04,5.020525822317004712e-04,6.609169210586998133e-01,9.913692358875323407e-01,1.206859224265753767e-06,3.218286767121695049e-06
1.036920143965162993e+02,1.555380065325942383e+02,1.894765760561859609e-04,5.052708689988221662e-04,6.609185155718648730e-01,9.913756088674574585e-01,1.206857767536295570e-06,3.218276410007331854e-06
1.043529329120881641e+02,1.565293821414616957e+02,1.906834338237222565e-04,5.084891454088294981e-04,6.609277409407212645e-01,9.913819818165734432e-01,1.206856311254396030e-06,3.218266052515666303e-06
1.050138606530288854e+02,1.575207641232782692e+02,1.918902901349766525e-04,5.117074114613451644e-04,6.609293354664913522e-01,9.914036287548810833e-01,1.206854854531985146e-06,3.218302237646946534e-06
1.056747899884953767e+02,1.585121677520331502e+02,1.930971449895086376e-04,5.149257136989921109e-04,6.609385608663984613e-01,9.914100018328326769e-01,1.206853398035115420e-06,3.218291879989072790e-06
1.063357285493617752e+02,1.595035777538659829e+02,1.943039983875437531e-04,5.181440055789811837e-04,6.609477862910324575e-01,9.914163748800319809e-01,1.206851941763732641e-06,3.218281522841749849e-06
1.069966763356528077e+02,1.604949941287460149e+02,1.955108503293074857e-04,5.213622871018229335e-04,6.609493833506263627e-01,9.914227478964505735e-01,1.206873763625324666e-06,3.218271165317124552e-06
1.076576257190034340e+02,1.614864168766424655e+02,1.967177240929328104e-04,5.245805582671400581e-04,6.609509754114810676e-01,9.914291284401315352e-01,1.206849028537458927e-06,3.218307349816423336e-06
1.083185766944149151e+02,1.624778460050825970e+02,1.979245731214702693e-04,5.277988656169564814e-04,6.609602008735038225e-01,9.914507683789395287e-01,1.206847572276647119e-06,3.218296992347526031e-06
1.089795368952884189e+02,1.634692967734615365e+02,1.991314206937469164e-04,5.310171626093040075e-04,6.609694289119971700e-01,9.914418745526063503e-01,1.206869394064459186e-06,3.218286634945307159e-06
1.096405063242004161e+02,1.644607386480141429e+02,2.003382900878113756e-04,5.342354492442493146e-04,6.609710209548467219e-01,9.914635145280499273e-01,1.206844659071461138e-06,3.218276277609875141e-06
1.103014773451552628e+02,1.654522021625421928e+02,2.015451347468828367e-04,5.374537255218591898e-04,6.609802490551857090e-01,9.914698875810188383e-01,1.206866481032149241e-06,3.218265920118968532e-06
1.109624575942104485e+02,1.664436720501232116e+02,2.027520012279149860e-04,5.406719914419781583e-04,6.609894746284368239e-01,9.914762683916080732e-01,1.206865024507198679e-06,3.218302103903127563e-06
1.116234470688388853e+02,1.674351483185148197e+02,2.039588662524221847e-04,5.438902935458812858e-04,6.609910666534091206e-01,9.914826414751871653e-01,1.206840289608987005e-06,3.218291746467948945e-06
1.122844381354922945e+02,1.684266309599900069e+02,2.051657065420311717e-04,5.471085852923492348e-04,6.609926638866028270e-01,9.914890145280423894e-01,1.206862111495949361e-06,3.218281389099665601e-06
1.129454307993788973e+02,1.694181199745180493e+02,2.063725686535271210e-04,5.503268666814489004e-04,6.610018894972427006e-01,9.915106547855430108e-01,1.206860654981542665e-06,3.218271031797735431e-06
1.136064326888761400e+02,1.704096306293035923e+02,2.075794293085086637e-04,5.535451377132466358e-04,6.610111151326378831e-01,9.915017685631539734e-01,1.206859198470659625e-06,3.218307214949913016e-06
1.142674438040087779e+02,1.714011323978667463e+02,2.087862885069793233e-04,5.567634449281965488e-04,6.610127097961253639e-01,9.915234009308164786e-01,1.206857741963273138e-06,3.218250317244507330e-06
1.149284565138049032e+02,1.723926557987975627e+02,2.099931462489425965e-04,5.599816952454410562e-04,6.610219354625996857e-01,9.915297820235480231e-01,1.206856285459464518e-06,3.218286500008323697e-06
1.155894784492675029e+02,1.733841855808211108e+02,2.112000025344020610e-04,5.631999817454493799e-04,6.610235301387206164e-01,9.915361632237136291e-01,1.206854828959098239e-06,3.218322682389741958e-06
1.162505019794062235e+02,1.743757217440448244e+02,2.124068573633611592e-04,5.664183044278391218e-04,6.610327558362030231e-01,9.915577956986112440e-01,1.206853372462282723e-06,3.218265785255927658e-06
1.169115347352424266e+02,1.753672795397434356e+02,2.136137107358234419e-04,5.696365702130950495e-04,6.610343505249858254e-01,9.915489094975384887e-01,1.206851915968990864e-06,3.218301967692857070e-06
1.175725690857674124e+02,1.763588284492409741e+02,2.148205626517924328e-04,5.728548721807879066e-04,6.610435790052235916e-01,9.915705501659317633e-01,1.206873737603117273e-06,3.218291610036826469e-06
1.182336126647726360e+02,1.773503989994069059e+02,2.160274363893955501e-04,5.760731637908247330e-04,6.610528020222403711e-01,9.915616556942836723e-01,1.206849002964815966e-06,3.218281252891129832e-06
1.188946654667948764e+02,1.783419606551011896e+02,2.172342853923603660e-04,5.792914450437158629e-04,6.610543967391890874e-01,9.915832963993977955e-01,1.206847546482067973e-06,3.218270895368347678e-06
1.195557198635340654e+02,1.793335439515005874e+02,2.184411329388424340e-04,5.825097159390842105e-04,6.610559942510150222e-01,9.915896778817625545e-01,1.206869368042468634e-06,3.218307077173187224e-06
1.202167758577850805e+02,1.803251336293823499e+02,2.196480023068849026e-04,5.857280230162573978e-04,6.610652172592921261e-01,9.916113103806765139e-01,1.206844633499007911e-06,3.218250180816854301e-06
1.208778410750443726e+02,1.813167449397630264e+02,2.208548469403839106e-04,5.889462731970742521e-04,6.610744459032247278e-01,9.916024241670413630e-01,1.206866454788249610e-06,3.218286362455485654e-06
1.215389155209475973e+02,1.823083473639300678e+02,2.220617133951721602e-04,5.921645595595297377e-04,6.610760406762210550e-01,9.916240651359373715e-01,1.206864998485370757e-06,3.218276004899743754e-06
1.221999915616238184e+02,1.832999714290660052e+02,2.232685783936575309e-04,5.953828355644294815e-04,6.610852636941615401e-01,9.916151789468869993e-01,1.206840264036750619e-06,3.218312186072710274e-06
1.228610768253179799e+02,1.842915866080128922e+02,2.244754186576942815e-04,5.986011477505021917e-04,6.610944924400143918e-01,9.916368200445617731e-01,1.206862085252239465e-06,3.218301828572804786e-06
1.235221713177579943e+02,1.852832234280574539e+02,2.256822807429465210e-04,6.018194495790749965e-04,6.610960872412050549e-01,9.916431845739452910e-01,1.206860628959904478e-06,3.218244932998940572e-06
1.241832674049991994e+02,1.862748666126313992e+02,2.268891413719064255e-04,6.050376945120739371e-04,6.610976820394398601e-01,9.916495750634908291e-01,1.206859172449102754e-06,3.218327651691404827e-06
1.248443650870386392e+02,1.872665161876948900e+02,2.280960005443555282e-04,6.082560221637653419e-04,6.611069079787768032e-01,9.916712076507963047e-01,1.206857715719780082e-06,3.218270756472725244e-06
1.255054719950174160e+02,1.882581873953456864e+02,2.293028582600753083e-04,6.114742929202380672e-04,6.611161339428690553e-01,9.916623126812851297e-01,1.206856259438016067e-06,3.218260399239425071e-06
1.261665881289602851e+02,1.892498497080269715e+02,2.305097145195133244e-04,6.146925533194774922e-04,6.611177287692839855e-01,9.916839628167792853e-01,1.206854802715713604e-06,3.218296579392374186e-06
1.268277058577295691e+02,1.902415336708437508e+02,2.317165693222290380e-04,6.179108498988698664e-04,6.611269547644269551e-01,9.916903360463038553e-01,1.206853346440969798e-06,3.218286221992757400e-06
1.274888328124939960e+02,1.912332240068900546e+02,2.329234226686700078e-04,6.211291361208626238e-04,6.611285496035179676e-01,9.916814409293124299e-01,1.206851889947732149e-06,3.218275864659819047e-06
1.281499613620975140e+02,1.922249054478193671e+02,2.341302745586177399e-04,6.243474119855224429e-04,6.611377786273919810e-01,9.917183597150653895e-01,1.206873710910439258e-06,3.218312044263945022e-06
1.288110991407249060e+02,1.932166238075344324e+02,2.353371482695281792e-04,6.275657240297863879e-04,6.611393704967838403e-01,9.917094555965491054e-01,1.206848976721702381e-06,3.218255150044357742e-06
1.294722385112216898e+02,1.942083332631309815e+02,2.365439972462498816e-04,6.307839791798307456e-04,6.611562307909082392e-01,9.917158377812427261e-01,1.206870798079248816e-06,3.218291329482167104e-06
1.301333947420125980e+02,1.952000491009122243e+02,2.377508680443291304e-04,6.340022705093129127e-04,6.611578226605843156e-01,9.917374794614488565e-01,1.206846063731757636e-06,3.218280972338313610e-06
1.307945525646731824e+02,1.961917865803736731e+02,2.389577141080608880e-04,6.372205514816512264e-04,6.611594205997164408e-01,9.917438618670644246e-01,1.206867884818118002e-06,3.218317151088521955e-06
1.314557119852728988e+02,1.971835304422407376e+02,2.401645819928790060e-04,6.404388686327397483e-04,6.611610124328706206e-01,9.917349573368881011e-01,1.206843150977843704e-06,3.218260257435105048e-06
1.321168729977057694e+02,1.981752653995776257e+02,2.413714251438568497e-04,6.436571288901748534e-04,6.611778728874355693e-01,9.917566083345548122e-01,1.206864971793072212e-06,3.218296436462869149e-06
1.327780508705932050e+02,1.991670220079121805e+02,2.425782901156499219e-04,6.468754253266377225e-04,6.611642053173056865e-01,9.917782502784575627e-01,1.206863515271780832e-06,3.218286078842400380e-06
1.334392150759105107e+02,2.001588002581906380e+02,2.437851536309217028e-04,6.500937114054801229e-04,6.611963221503458499e-01,9.917693548232193734e-01,1.206838781526265803e-06,3.218275721510437809e-06
1.341004113980608565e+02,2.011505696130138574e+02,2.449919924124479686e-04,6.533119871269905607e-04,6.611826576798307542e-01,9.917910062044370534e-01,1.206860602267849879e-06,3.218311899989378770e-06
1.347615940557406873e+02,2.021423606192182945e+02,2.461988530147158185e-04,6.565302990269799395e-04,6.611995151741325571e-01,9.917821012349463672e-01,1.206859145757048155e-06,3.218255006896819648e-06
1.354227935709148198e+02,2.031341427204532408e+02,2.474057121604728666e-04,6.597485540338767591e-04,6.612011101382790912e-01,9.918037527450280777e-01,1.206857689471814692e-06,3.218291185209443996e-06
1.360839946810530989e+02,2.041259464731982689e+02,2.486125698499446813e-04,6.629668452190862031e-04,6.612027050994129240e-01,9.918101260166736211e-01,1.206856232746069887e-06,3.218280827844630099e-06
1.367451973861525119e+02,2.051177565992149425e+02,2.498194260826907512e-04,6.661851260469308332e-04,6.612195626771608659e-01,9.918165088424473197e-01,1.206854776245893344e-06,3.218317005247934084e-06
1.374064169488296727e+02,2.061095731080573898e+02,2.510262808589366445e-04,6.694034430521787673e-04,6.612058950315713446e-01,9.918228725138931168e-01,1.206853319749186249e-06,3.218260113165200866e-06
1.380676228438612441e+02,2.071013959805712830e+02,2.522331341786858308e-04,6.726217031653439682e-04,6.612380185250401610e-01,9.918445244718441245e-01,1.206875140509066236e-06,3.218296290624232843e-06
1.387288608623862842e+02,2.080932405050431271e+02,2.534400093191948970e-04,6.758399994559682010e-04,6.612243476606352033e-01,9.918508978108491192e-01,1.206850406738262192e-06,3.218285933226459200e-06
1.393900852100469194e+02,2.090850914028539762e+02,2.546468597259331592e-04,6.790582853891946602e-04,6.612412053372906939e-01,9.918420019191955816e-01,1.206848950252126067e-06,3.218275575673644646e-06
1.400513264153842101e+02,2.100769334047731718e+02,2.558537086761852853e-04,6.822765609648683048e-04,6.612428036294204503e-01,9.918636541626142389e-01,1.206870770938226096e-06,3.218311752805572828e-06
1.407125692190136306e+02,2.110687970589357860e+02,2.570605794471235114e-04,6.854948727176738777e-04,6.612443953848696765e-01,9.918700176401671342e-01,1.206846037262289742e-06,3.218254861283588973e-06
1.413738136143985002e+02,2.120606670765759532e+02,2.582674254843858011e-04,6.887131275789574666e-04,6.612459937019821155e-01,9.918916701104762979e-01,1.206867857899275413e-06,3.218291038027698038e-06
1.420350596081004824e+02,2.130525587466864295e+02,2.594742933422850765e-04,6.919314186169851647e-04,6.612628481876186015e-01,9.918827740898450429e-01,1.206843124286493835e-06,3.218280680663643083e-06
1.426963224562881010e+02,2.140444415207762745e+02,2.606811364665715704e-04,6.951496992976488078e-04,6.612644465665198368e-01,9.919044267810477322e-01,1.206864944874310938e-06,3.218316856941978894e-06
1.433575869028546208e+02,2.150363459475573222e+02,2.618880014114458813e-04,6.983680161545907867e-04,6.612660416372477812e-01,9.918955206472901409e-01,1.206863488353100873e-06,3.218259965986165413e-06
1.440188529444918686e+02,2.160282414682046124e+02,2.630948648997989822e-04,7.015862761205769521e-04,6.612828961601451283e-01,9.919171734673852825e-01,1.206838754835132775e-06,3.218296142320120796e-06
1.446801358406520137e+02,2.170201586416719977e+02,2.643017036546341150e-04,7.048045722628970729e-04,6.612844946133975554e-01,9.919235468119325105e-01,1.206860575349278340e-06,3.218285784701495171e-06
1.453414203352654113e+02,2.180120821884839302e+02,2.655085642299833933e-04,7.080228580475985680e-04,6.612860897122345705e-01,9.919299201257274490e-01,1.206859118838585036e-06,3.218275427371484164e-06
1.460027064249776458e+02,2.190040121086096576e+02,2.667154233488219783e-04,7.112411334749700522e-04,6.613029476854421773e-01,9.919515733293735593e-01,1.206857662331361179e-06,3.218311602934680223e-06
1.466640093726630880e+02,2.199959636819390312e+02,2.679222810111533395e-04,7.144594450779047324e-04,6.612892799196572469e-01,9.919426667562731836e-01,1.206856205605779005e-06,3.218254712983488475e-06
1.473252986525827453e+02,2.209879063486953044e+02,2.691291372167591185e-04,7.176776997908882209e-04,6.613061379239582038e-01,9.919643200886696377e-01,1.206854749327592857e-06,3.218290888158648576e-06
1.479866047905067035e+02,2.219798706687839740e+02,2.703359919660867114e-04,7.208959906790468695e-04,6.613229994397329392e-01,9.919706934697671841e-01,1.206876569662628223e-06,3.218280530795677823e-06
1.486479277899464364e+02,2.229718413622537412e+02,2.715428685357493396e-04,7.241142712098425473e-04,6.613093282030888531e-01,9.919770772341109932e-01,1.206851836087739511e-06,3.218316705948937040e-06
1.493092371181495253e+02,2.239638184394878522e+02,2.727497203718370791e-04,7.273325879157914843e-04,6.613261862908359490e-01,9.919834401857201556e-01,1.206850379820178544e-06,3.218259816120151717e-06
1.499705633044403612e+02,2.249558018796735723e+02,2.739565707516572577e-04,7.305508477319116361e-04,6.613277814431341994e-01,9.919898239806457241e-01,1.206848923334096629e-06,3.218295991107202741e-06
1.506318910858834954e+02,2.259477917036542181e+02,2.751634196749913543e-04,7.337691437230188388e-04,6.613446431192926411e-01,9.919961973307920289e-01,1.206870743348804464e-06,3.218285633711489083e-06
1.512932357290027880e+02,2.269397879009850101e+02,2.763702904183401587e-04,7.369874293567303279e-04,6.613309717728839132e-01,9.920178407338369198e-01,1.206846010344368725e-06,3.218275276160517673e-06
1.519545667007756720e+02,2.279318057417188470e+02,2.775771364286845275e-04,7.402057046328908456e-04,6.613478335108879946e-01,9.920242247650037370e-01,1.206867830531952596e-06,3.218311450598745557e-06
1.526159145342865600e+02,2.289238299664838507e+02,2.787840042592164801e-04,7.434240160834895911e-04,6.613646882138084493e-01,9.920305875228621062e-01,1.206843097146745054e-06,3.218254561774473547e-06
1.532772792225003684e+02,2.299158605540067128e+02,2.799908473563632251e-04,7.466422706452640647e-04,6.613510239277502478e-01,9.920369715845538394e-01,1.206864917507204961e-06,3.218290735602837710e-06
1.539386302464281187e+02,2.309078975255912667e+02,2.811977122738704301e-04,7.498605613808669024e-04,6.613678822284612124e-01,9.920433449712220408e-01,1.206863460764004501e-06,3.218280378462778923e-06
1.545999981286565799e+02,2.318999408705624887e+02,2.824045757346344346e-04,7.530788417593296813e-04,6.613694774650582531e-01,9.920497291555818720e-01,1.206862004468308488e-06,3.218316552047306017e-06
1.552613676061216381e+02,2.328919905997180706e+02,2.836114377391027431e-04,7.562971583113769873e-04,6.613710690703555883e-01,9.920713620767003249e-01,1.206837271209573129e-06,3.218259663789204382e-06
1.559227386751919937e+02,2.338840619617947709e+02,2.848182750103123162e-04,7.595154179751661917e-04,6.613879310674519729e-01,9.920624759624274702e-01,1.206859091471641689e-06,3.218295837207523283e-06
1.565841266062594457e+02,2.348761244377571984e+02,2.860251341017839579e-04,7.627337138123737150e-04,6.613895263321865059e-01,9.920841197947254386e-01,1.206857634742535858e-06,3.218285479812785406e-06
1.572455161325916322e+02,2.358682085575519238e+02,2.872319917365264937e-04,7.659519992921865004e-04,6.613911215939367594e-01,9.920904932178871150e-01,1.206856178460988683e-06,3.218275122484725963e-06
1.579069072541855689e+02,2.368602990507698109e+02,2.884388479149874824e-04,7.691702744146712263e-04,6.614079837513884286e-01,9.920968776690983759e-01,1.206877998149189033e-06,3.218311295354438564e-06
1.585683152379369574e+02,2.378523959284389093e+02,2.896457259131366715e-04,7.723885857100256649e-04,6.613943121426473226e-01,9.921185106418874966e-01,1.206853265214250653e-06,3.218254407878697217e-06
1.592297095500796047e+02,2.388445144390807968e+02,2.908525791783509221e-04,7.756068401179043621e-04,6.614111706413154934e-01,9.921096245488740806e-01,1.206851808721175635e-06,3.218290580582310045e-06
1.598911207207209202e+02,2.398366240636296709e+02,2.920594309870720977e-04,7.788251306984866722e-04,6.614280291924217181e-01,9.921312798602741623e-01,1.206850352453668878e-06,3.218326753125027272e-06
1.605525487499133419e+02,2.408287553434899451e+02,2.932662813395257666e-04,7.820434574516116994e-04,6.614143649823631677e-01,9.921376421689558356e-01,1.206872172043586301e-06,3.218269865777330201e-06
1.612139631148957051e+02,2.418208929856589009e+02,2.944731535115693529e-04,7.852617273173890296e-04,6.614312198284721944e-01,9.921440155978871189e-01,1.206847439235065895e-06,3.218259508549776299e-06
1.618753943347241773e+02,2.428130370012567880e+02,2.956800009508044188e-04,7.884799868259388059e-04,6.614328151437405268e-01,9.921504116663015793e-01,1.206845982978075899e-06,3.218342210075959137e-06
1.625368271498679178e+02,2.438051874129230896e+02,2.968868469337824947e-04,7.916983290360147651e-04,6.614496775912073190e-01,9.921567624556359988e-01,1.206867802494267575e-06,3.218238793995030315e-06
1.631982768274591251e+02,2.447973441753787256e+02,2.980937147362767623e-04,7.949165678300097954e-04,6.614360096122027244e-01,9.921631586466901354e-01,1.206866345966118616e-06,3.218321495055548320e-06
1.638597128370713278e+02,2.457895073340254157e+02,2.993005810822428809e-04,7.981348893250653437e-04,6.614528644957431425e-01,9.921847802069123645e-01,1.206841613284016183e-06,3.218218079707106487e-06
1.645211657015670710e+02,2.467816921142323281e+02,3.005074226955268971e-04,8.013531074047724502e-04,6.614697270727560863e-01,9.921911766188884485e-01,1.206863432948526715e-06,3.218300780080023474e-06
1.651826354286398271e+02,2.477738832908512165e+02,3.017142861284754238e-04,8.045714081848524737e-04,6.614560590667224460e-01,9.921822790307714968e-01,1.206861976430894517e-06,3.218290422875346238e-06
1.658440914877065495e+02,2.487660655698819880e+02,3.029211481049063183e-04,8.077896986077278199e-04,6.614729178619143113e-01,9.922191947567000625e-01,1.206860519916840187e-06,3.218280065515411251e-06
1.665055644055684638e+02,2.497582847646386881e+02,3.041280086248231585e-04,8.110079786732432312e-04,6.614745132613677470e-01,9.922102971069648447e-01,1.206859063406309513e-06,3.218269708000326933e-06
1.671670389188298316e+02,2.507504950617456529e+02,3.053348676882294680e-04,8.142262483812435581e-04,6.614913721244590761e-01,9.922166939485350667e-01,1.206857606899248286e-06,3.218352407064937158e-06
1.678285302909542906e+02,2.517427117556941880e+02,3.065417252951287163e-04,8.174446007883084953e-04,6.614777040699948429e-01,9.922383153487146501e-01,1.206856150395710717e-06,3.218248993536220251e-06
1.684900079950242855e+02,2.527349500710429027e+02,3.077485814455244270e-04,8.206628497818447155e-04,6.614945629641795222e-01,9.922294410507106477e-01,1.206854693895696804e-06,3.218331691913337879e-06
1.691515025579884650e+02,2.537271795120936133e+02,3.089554361394201238e-04,8.238811814737580534e-04,6.614961583888714358e-01,9.922510623032110288e-01,1.206853237399206549e-06,3.218228278895063355e-06
1.698129987163773365e+02,2.547194305743968243e+02,3.101622893768193304e-04,8.270994097526531167e-04,6.615130173509271572e-01,9.922574594884281396e-01,1.206851780906239950e-06,3.218310977028343914e-06
1.704745117337282636e+02,2.557116880338852525e+02,3.113691411577255703e-04,8.303177207296814607e-04,6.615146128066555775e-01,9.922791045593726267e-01,1.206850324416742799e-06,3.218300619536244682e-06
1.711360263465349192e+02,2.567039671384446251e+02,3.125759914821423131e-04,8.335360213492177053e-04,6.615162122570836800e-01,9.922549350760050402e-01,1.206872143779303026e-06,3.218290262110715463e-06
1.717975425587920029e+02,2.576962220735206301e+02,3.137828636259216162e-04,8.367543116113284208e-04,6.615178037249620502e-01,9.922918516915046894e-01,1.206847411420292841e-06,3.218279904751756258e-06
1.724590603625169649e+02,2.586885139252121348e+02,3.149897110373419090e-04,8.399725915160801771e-04,6.615346668141341979e-01,9.922982252604697351e-01,1.206869230511748315e-06,3.218269547459583907e-06
1.731205950293310991e+02,2.596808121504726046e+02,3.161965802678536573e-04,8.431908610635397610e-04,6.615209946501749982e-01,9.923045987987961780e-01,1.206844498437883301e-06,3.218259190233981569e-06
1.737821160239812741e+02,2.606731167492714007e+02,3.174034247662915406e-04,8.464091202537737425e-04,6.615531214517886838e-01,9.923109966343872657e-01,1.206866317702106391e-06,3.218341886371571189e-06
1.744436691454330628e+02,2.616654277459057880e+02,3.186102910839936470e-04,8.496274621401453137e-04,6.615394492512223223e-01,9.923173458750511600e-01,1.206841585469568389e-06,3.218238475683463974e-06
1.751052085946842851e+02,2.626577450917808392e+02,3.198171326694632154e-04,8.528457006158287777e-04,6.615563125008918632e-01,9.923237438333671889e-01,1.206863404462632516e-06,3.218321171133560997e-06
1.757667649071851770e+02,2.636500688356142064e+02,3.210239960739258479e-04,8.560640217869623387e-04,6.615579080379916377e-01,9.923300928283538269e-01,1.206861948167099133e-06,3.218217761399551693e-06
1.764283228152231686e+02,2.646423989284425602e+02,3.222308580220929470e-04,8.592822395483618904e-04,6.615595035721923978e-01,9.923364909093947972e-01,1.206860491653099013e-06,3.218300456605920068e-06
1.770898823187953610e+02,2.656347354193519550e+02,3.234377185137460461e-04,8.625005400049678105e-04,6.615763628462616452e-01,9.923734084449620241e-01,1.206859034920632155e-06,3.218290098959538867e-06
1.777514586816416227e+02,2.666271088277969170e+02,3.246445775486666782e-04,8.657188301039273493e-04,6.615779584115557554e-01,9.923492380525544831e-01,1.206857578635669743e-06,3.218279741601663864e-06
1.784130366400531784e+02,2.676194580658494715e+02,3.258514351273023480e-04,8.689371098455290132e-04,6.615795539739224296e-01,9.923556365017702774e-01,1.206856121910195988e-06,3.218362435510784339e-06
1.790746161940271008e+02,2.686118137023512418e+02,3.270582912492125439e-04,8.721554722810397975e-04,6.615811495334753545e-01,9.923925293590514229e-01,1.206854665632226681e-06,3.218259027008428703e-06
1.797361973435605762e+02,2.696042062317102932e+02,3.282651459148447706e-04,8.753737313080482262e-04,6.615980089064521508e-01,9.923989029702511289e-01,1.206853209135844845e-06,3.218248669628761237e-06
1.803977953524670284e+02,2.705966051346805443e+02,3.294719991239806155e-04,8.785919799776769875e-04,6.615996044969563172e-01,9.923747573110972553e-01,1.206851752420887852e-06,3.218331362839438672e-06
1.810593949569639847e+02,2.715889798919916416e+02,3.306788508764015033e-04,8.818103113405164261e-04,6.616012043128876030e-01,9.924116500943682695e-01,1.206873571358657669e-06,3.218227955213660493e-06
1.817209961612768723e+02,2.725813915420860098e+02,3.318857244477601610e-04,8.850285392957300866e-04,6.616027956848142821e-01,9.924180490466483207e-01,1.206848839639543605e-06,3.218310647958673096e-06
1.823825989569616866e+02,2.735738095911326582e+02,3.330925732873997046e-04,8.882468499436887597e-04,6.616196551567554707e-01,9.924244227191252321e-01,1.206847383157202188e-06,3.218300290468525428e-06
1.830442186121184420e+02,2.745662340138517834e+02,3.342994206705569068e-04,8.914651502341572852e-04,6.616212550469526832e-01,9.924307963607930105e-01,1.206869201799201652e-06,3.218289933045164614e-06
1.837058398671653947e+02,2.755586648102125764e+02,3.355062898723561084e-04,8.946834401672024498e-04,6.616381103277717557e-01,9.924371699715379691e-01,1.206844469952910674e-06,3.218279575466546048e-06
1.843674779774931665e+02,2.765511019801841144e+02,3.367131343423090191e-04,8.979017197426689958e-04,6.616244463345424265e-01,9.924740886298764053e-01,1.206866288989776569e-06,3.218269218398261446e-06
1.850291024238277089e+02,2.775435760688139908e+02,3.379200006312987957e-04,9.011199889610672573e-04,6.616413059361434534e-01,9.924499171992806623e-01,1.206864832243323502e-06,3.218258861174827512e-06
1.856907437297638523e+02,2.785360259860132714e+02,3.391268654635421192e-04,9.043382478222420848e-04,6.616428972721166701e-01,9.924563167037945277e-01,1.206840100491846004e-06,3.218341551702429831e-06
1.863523866270359690e+02,2.795284823027170660e+02,3.403337055640339652e-04,9.075565893739445146e-04,6.616597612622285851e-01,9.924932096705560980e-01,1.206861919454931941e-06,3.218238146628538306e-06
1.870140463882981976e+02,2.805209755123876221e+02,3.415405674834888971e-04,9.107748275205730529e-04,6.616613569650837690e-01,9.924690640231688121e-01,1.206860462719049846e-06,3.218320836690475792e-06
1.876757077452632814e+02,2.815134445764107909e+02,3.427474279462079470e-04,9.139931483572635287e-04,6.616629526651252036e-01,9.925059832028750861e-01,1.206859006208627592e-06,3.218310479134842313e-06
1.883373706979284066e+02,2.825059505596136660e+02,3.439542869524165746e-04,9.172114588363983710e-04,6.616645483623244672e-01,9.924818113116202767e-01,1.206857549701728996e-06,3.218300121867606611e-06
1.889990352462907310e+02,2.834984323709252862e+02,3.451611445021183036e-04,9.204297589582659776e-04,6.616661440565110297e-01,9.925187041797016718e-01,1.206856093198354057e-06,3.218196717814599851e-06
1.896607013903472421e+02,2.844909510751049879e+02,3.463680005953166576e-04,9.236479556760805775e-04,6.616830038405794312e-01,9.925251307872713369e-01,1.206854636920438959e-06,3.218372453276589600e-06
1.903223843941878215e+02,2.854834762058922593e+02,3.475748552322370966e-04,9.268663281293571671e-04,6.616845995658593438e-01,9.925314780246026203e-01,1.206853180202066729e-06,3.218269049578875891e-06
1.909840689937536808e+02,2.864760076839168619e+02,3.487817084124391633e-04,9.300845971789360430e-04,6.617014594177419440e-01,9.925378516777527693e-01,1.206851723709316971e-06,3.218258692356417740e-06
1.916457704531714228e+02,2.874685455355946146e+02,3.499885601361484803e-04,9.333028558712924607e-04,6.617030596484880789e-01,9.925442253001506288e-01,1.206873542197576567e-06,3.218248335422574206e-06
1.923074735128199109e+02,2.884610897608947653e+02,3.511954336783460568e-04,9.365211042067150349e-04,6.616893867766862058e-01,9.925506257985148295e-01,1.206848810706090749e-06,3.218331022801544997e-06
1.929691628995965971e+02,2.894536403866932801e+02,3.524022824890521476e-04,9.397394352295165799e-04,6.617215153650022330e-01,9.925569995434671000e-01,1.206870629145235987e-06,3.218320665402145050e-06
1.936308844149615993e+02,2.904461973862367472e+02,3.536091531181973836e-04,9.429577558949187250e-04,6.617078424566500416e-01,9.925938926198227819e-01,1.206845897716850736e-06,3.218217263534781450e-06
1.942925922574182493e+02,2.914387912788565700e+02,3.548159990159142343e-04,9.461759731584535064e-04,6.617247069589211605e-01,9.925697469473675483e-01,1.206867716106990035e-06,3.218299950659073150e-06
1.949543169643771705e+02,2.924313610258039375e+02,3.560228667320212243e-04,9.493942731091125796e-04,6.617262982171041585e-01,9.926066672495608145e-01,1.206842984741759561e-06,3.218289593016052975e-06
1.956160432625942747e+02,2.934239676930534984e+02,3.572297097167629839e-04,9.526125627021286325e-04,6.617431628180838743e-01,9.925824943201746464e-01,1.206864803082676081e-06,3.218279235883258343e-06
1.962777864254123585e+02,2.944165501873736730e+02,3.584365745198456600e-04,9.558308419380118909e-04,6.617294943818023967e-01,9.926194147573141890e-01,1.206863346561791277e-06,3.218268878373595036e-06
1.969395159197941609e+02,2.954091696021309872e+02,3.596434378664074513e-04,9.590491108163854859e-04,6.617463498804738720e-01,9.925952691214661172e-01,1.206838615291482703e-06,3.218351563967752210e-06
1.976012622696746348e+02,2.964017648712524533e+02,3.608502764816989340e-04,9.622674623803532381e-04,6.617479502972685168e-01,9.926321622341447437e-01,1.206860433558619265e-06,3.218248163920113536e-06
1.982630102199719033e+02,2.973943970334865980e+02,3.620571369152575532e-04,9.654857105442733517e-04,6.617648104612499083e-01,9.926385636650820743e-01,1.206858976826369247e-06,3.218330848827103373e-06
1.989247750304331532e+02,2.983870355971516801e+02,3.632639958920839225e-04,9.687040413931004550e-04,6.617664063271035957e-01,9.926449096861347243e-01,1.206857520541461046e-06,3.218227449511518005e-06
1.995865414367602568e+02,2.993796805068378148e+02,3.644708534126253835e-04,9.719222688426119730e-04,6.617680021900582688e-01,9.926513112396833094e-01,1.206856064038140317e-06,3.218310133952843009e-06
2.002483094389503151e+02,3.003723318180774982e+02,3.656777094766635238e-04,9.751405789765648160e-04,6.617695980501423492e-01,9.926576850269270835e-01,1.206854607538343244e-06,3.218299776466164788e-06
2.009100790370004574e+02,3.013649895031044252e+02,3.668845640842018671e-04,9.783588787530309808e-04,6.617864583129744460e-01,9.926640587833048812e-01,1.206853151042069829e-06,3.218289419045948160e-06
2.015718654953134319e+02,3.023576535618877301e+02,3.680914172352439369e-04,9.815771681720769290e-04,6.617727944851594657e-01,9.927009801406825318e-01,1.206874968883657039e-06,3.218279061692518386e-06
2.022336382897985914e+02,3.033503545420284127e+02,3.692982922041275940e-04,9.847954472337694474e-04,6.618049145318423143e-01,9.926768063021427224e-01,1.206850238031958924e-06,3.218268704405875466e-06
2.028954432043304337e+02,3.043430313483305554e+02,3.705051424421595529e-04,9.880137159381753229e-04,6.617912459931289959e-01,9.926831799662068079e-01,1.206848781546202270e-06,3.218258347185585719e-06
2.035572344503235627e+02,3.053357145282967622e+02,3.717119912237057552e-04,9.912319742853609086e-04,6.618081111062110722e-01,9.927201299983607896e-01,1.206870599314117942e-06,3.218341029631545044e-06
2.042190425614297737e+02,3.063284346582951230e+02,3.729188618230198731e-04,9.944503153149924536e-04,6.618097022867175383e-01,9.926959273925604066e-01,1.206845868557179097e-06,3.218237632645910146e-06
2.048808522637164913e+02,3.073211305856876834e+02,3.741257076915770522e-04,9.976685529476383638e-04,6.618113029822438875e-01,9.927328777437196550e-01,1.206867686275926201e-06,3.218320314626313058e-06
2.055426635666987352e+02,3.083138634634314030e+02,3.753325753778529784e-04,1.000886873262264677e-03,6.618128941262284570e-01,9.927392516653981147e-01,1.206842955582196342e-06,3.218309957295868370e-06
2.062044764608249636e+02,3.093066027150968011e+02,3.765394183334351747e-04,1.004105183219560545e-03,6.618297593997795047e-01,9.927150483964624073e-01,1.206864773251829087e-06,3.218206561186702508e-06
2.068663062202247431e+02,3.102993177634932636e+02,3.777462831066870038e-04,1.007323389780747248e-03,6.618313553722430242e-01,9.927519992261295556e-01,1.206863316952988888e-06,3.218289242468879222e-06
2.075281375755969862e+02,3.112920697627193931e+02,3.789531464236399927e-04,1.010541679023216127e-03,6.618482159316556590e-01,9.927583730556648334e-01,1.206861860213691556e-06,3.218278885338361414e-06
2.081899857915286418e+02,3.122848281357750579e+02,3.801600082838536843e-04,1.013759957908554488e-03,6.618345473269471313e-01,9.927647759710680475e-01,1.206860403921844460e-06,3.218361565334240670e-06
2.088518203388555889e+02,3.132775929117461260e+02,3.813668686877755287e-04,1.016978319473888729e-03,6.618514030429309969e-01,9.927711207142806416e-01,1.206835672942264698e-06,3.218258170534357351e-06
2.095136717418985199e+02,3.142703640324604066e+02,3.825737043607177934e-04,1.020196577644423086e-03,6.618682685447652148e-01,9.928080432615047357e-01,1.206857490932929707e-06,3.218247813160110896e-06
2.101755400104432852e+02,3.152631720757219114e+02,3.837805618516507231e-04,1.023414825457583197e-03,6.618545999129139545e-01,9.927838976490761524e-01,1.206856034207727003e-06,3.218330492901419482e-06
2.108373946103561991e+02,3.162559559733709875e+02,3.849874178858584501e-04,1.026633155950484617e-03,6.618714655073461017e-01,9.927902420234886449e-01,1.206877851871071376e-06,3.218227098756177434e-06
2.114992660758635452e+02,3.172487462153944762e+02,3.861942957377295215e-04,1.029851383049240794e-03,6.618730566281101346e-01,9.928271943505819763e-01,1.206853121405620285e-06,3.218309778031712767e-06
2.121611391324916553e+02,3.182415734097450581e+02,3.874011488591351418e-04,1.033069692827272507e-03,6.618746526510221884e-01,9.928030191421157724e-01,1.206851664690988552e-06,3.218299420547528211e-06
2.128230137851426775e+02,3.192343764288871739e+02,3.886080005238261303e-04,1.036287992247820035e-03,6.618915134083067642e-01,9.928399422108782346e-01,1.206850208201816661e-06,3.218289063129479988e-06
2.134849052985509843e+02,3.202272163710980522e+02,3.898148507320279470e-04,1.039506281310949515e-03,6.618931094624258549e-01,9.928157667445134393e-01,1.206848751938050402e-06,3.218278705778435458e-06
2.141467984080134102e+02,3.212200321378425656e+02,3.910216994839659974e-04,1.042724560016727951e-03,6.618947155084811129e-01,9.928526899480516477e-01,1.206893843057365353e-06,3.218268348272133178e-06
2.148086931235218913e+02,3.222128848277906172e+02,3.922285933270233628e-04,1.045942828365000084e-03,6.618963015926055959e-01,9.928590938576462577e-01,1.206845838921109023e-06,3.218351026007017224e-06
2.154705894251144969e+02,3.232057439216482635e+02,3.934354391659444718e-04,1.049161179391007101e-03,6.619131624487692989e-01,9.928654377525276686e-01,1.206844382224041366e-06,3.218247633603654387e-06
2.161325025875632662e+02,3.241986093594007912e+02,3.946422835481685132e-04,1.052379427024610755e-03,6.619147585281552892e-01,9.928718417847335331e-01,1.206842925974369735e-06,3.218330310873198860e-06
2.167944173460914215e+02,3.251914812011855247e+02,3.958491264741428829e-04,1.055597757335483954e-03,6.619163647225434488e-01,9.928781854339945312e-01,1.206888016883024203e-06,3.218226919202106170e-06
2.174563337108139649e+02,3.261843593866195192e+02,3.970560144910259071e-04,1.058815984254686060e-03,6.619332155749759750e-01,9.928845895888116502e-01,1.206840012985563402e-06,3.218309596005877390e-06
2.181182669263889409e+02,3.271772439762083309e+02,3.982628545040114705e-04,1.062034293850691938e-03,6.619348116823857708e-01,9.928909634905949133e-01,1.206838556302536163e-06,3.218299238300949272e-06
2.187802017380713266e+02,3.281701349396989258e+02,3.994696930603140067e-04,1.065252593088992887e-03,6.619364179973956652e-01,9.928973373618532605e-01,1.206883647497040534e-06,3.218288880884202091e-06
2.194421381560687223e+02,3.291630322770607791e+02,4.006765767078110472e-04,1.068470881969877089e-03,6.619380039194879828e-01,9.929342614856295768e-01,1.206835643334817562e-06,3.218278523534241764e-06
2.201040761599882103e+02,3.301559665385464086e+02,4.018834123511458647e-04,1.071689160493411331e-03,6.619548752299806438e-01,9.929100851099974534e-01,1.206880734423991693e-06,3.218268166250851450e-06
2.207660310352181909e+02,3.311488766236564061e+02,4.030902930855698564e-04,1.074907428659662182e-03,6.619564611215480454e-01,9.929470093688905763e-01,1.206832730381139380e-06,3.218257809256075755e-06
2.214279874963397390e+02,3.321418236330252967e+02,4.042971258159509958e-04,1.078125686468918258e-03,6.619580675849192630e-01,9.929228636937637020e-01,1.206877821364983269e-06,3.218340483399214844e-06
2.220899455639246582e+02,3.331347464967190604e+02,4.055040036373159791e-04,1.081344026952317473e-03,6.619749287683873717e-01,9.929597572209445389e-01,1.206876364590720417e-06,3.218237094501511311e-06
2.227519204926930456e+02,3.341277062539400049e+02,4.067108800019066995e-04,1.084562264046818984e-03,6.619765145959206620e-01,9.929661622467733650e-01,1.206828361170796463e-06,3.218319768623183197e-06
2.234138970072889663e+02,3.351206724161867783e+02,4.079177083630774960e-04,1.087780583815442167e-03,6.619781211796293974e-01,9.929725362831618440e-01,1.206873451552853936e-06,3.218309411074163351e-06
2.240758751284685957e+02,3.361136449524699401e+02,4.091245818146303499e-04,1.090998893226516331e-03,6.619797069398600797e-01,9.929788789618214651e-01,1.206825448252300641e-06,3.218206023052712014e-06
2.247378548354084558e+02,3.371066238314317616e+02,4.103314072628826505e-04,1.094217099249569043e-03,6.619965786480008774e-01,9.929852841714819078e-01,1.206870538528919453e-06,3.218288696254113096e-06
2.253998514140564566e+02,3.380996091156032435e+02,4.115382778014115700e-04,1.097435387945823156e-03,6.619981748958139178e-01,9.929916896265922333e-01,1.206869082216201466e-06,3.218371368845975716e-06
2.260618495889522706e+02,3.390926008052298357e+02,4.127451468836277715e-04,1.100653759314669132e-03,6.619997711405858354e-01,9.929980321210791772e-01,1.206867625463026346e-06,3.218267981545735665e-06
2.267238493600928564e+02,3.400855988373509149e+02,4.139520145090907978e-04,1.103872027296214867e-03,6.620013568029605722e-01,9.930044060037062081e-01,1.206819622401214369e-06,3.218257624330216407e-06
2.273858507168958170e+02,3.410786032433546211e+02,4.151588341314920122e-04,1.107090284920545084e-03,6.620182287332170290e-01,9.930107798552967324e-01,1.206864712467281119e-06,3.218247266959656239e-06
2.280478689456290340e+02,3.420716140232099178e+02,4.163656988439592933e-04,1.110308532187504740e-03,6.620198250061832823e-01,9.930477371160577604e-01,1.206863256168549340e-06,3.218329938620406033e-06
2.287098887706352173e+02,3.430646617603259756e+02,4.175725621001278426e-04,1.113526862126125146e-03,6.620214212763642081e-01,9.930235596284546773e-01,1.206861799651405033e-06,3.218319581006334057e-06
2.293719101919115815e+02,3.440576853199544303e+02,4.187794238997792477e-04,1.116745181707131480e-03,6.620382827411219751e-01,9.930604532652864691e-01,1.206860342915793988e-06,3.218216195536227273e-06
2.300339484746527035e+02,3.450507457732197167e+02,4.199862842426950417e-04,1.119963397902667707e-03,6.620398790423109858e-01,9.930363074911383592e-01,1.206858886627633180e-06,3.218298866276923104e-06
2.306959883536950144e+02,3.460437820807108551e+02,4.211931431293226748e-04,1.123181696768944630e-03,6.620414753405725605e-01,9.930732333263563305e-01,1.206857429899069450e-06,3.218288508862994848e-06
2.313580298290355870e+02,3.470368553140372114e+02,4.224000005592217443e-04,1.126399985277807625e-03,6.620430716359919643e-01,9.930796073741703367e-01,1.206855973617901746e-06,3.218278151515202926e-06
2.320200729006715790e+02,3.480299349214113818e+02,4.236068565328396460e-04,1.129618263429322828e-03,6.620599331996857018e-01,9.930859813912320533e-01,1.206854517118321514e-06,3.218267794234197857e-06
2.326821328338712647e+02,3.490230209028026138e+02,4.248137110499579676e-04,1.132836531223557026e-03,6.620615295261700339e-01,9.930923879012425459e-01,1.206853060400274544e-06,3.218350463445518103e-06
2.333441943633974347e+02,3.500161132907038564e+02,4.260205641103582421e-04,1.136054881687002544e-03,6.620631258496985083e-01,9.930987294250144259e-01,1.206851604129732022e-06,3.218247079573091640e-06
2.340062574892471332e+02,3.510092120201288708e+02,4.272274157144879741e-04,1.139273128766575636e-03,6.620799874967815413e-01,9.931051360578635467e-01,1.206850147418732366e-06,3.218329748540683238e-06
2.346683374767439147e+02,3.520023171561867343e+02,4.284342658619067065e-04,1.142491458515116319e-03,6.620815948004690199e-01,9.931114773358444836e-01,1.206895237237058920e-06,3.218226365178482318e-06
2.353304190715443838e+02,3.529954286335225788e+02,4.296411610991437654e-04,1.145709684880294801e-03,6.620831802339637306e-01,9.931178840910774852e-01,1.206847234616950908e-06,3.218309033458689739e-06
2.359925022517783475e+02,3.539885465176136563e+02,4.308480083337607163e-04,1.148927993913753491e-03,6.620847765827591047e-01,9.931242581076276110e-01,1.206845777916522224e-06,3.218298675979058832e-06
2.366545870283611066e+02,3.549816707757212839e+02,4.320548541116772385e-04,1.152146292589732550e-03,6.621016383288065299e-01,9.931611849307273587e-01,1.206844321663489566e-06,3.218288318787825703e-06
2.373166886666899131e+02,3.559748319606520113e+02,4.332616984333407281e-04,1.155364580908520376e-03,6.621032457808553318e-01,9.931370061468101085e-01,1.206889411049273664e-06,3.218277961219723898e-06
2.379787919124707685e+02,3.569679689667988214e+02,4.344685878443900018e-04,1.158582858869740100e-03,6.621048311164656752e-01,9.931739331045150720e-01,1.206841408445970786e-06,3.218267604161847636e-06
2.386408967435872341e+02,3.579611428999033365e+02,4.356754292528359726e-04,1.161801126473901947e-03,6.621064274905847924e-01,9.931497540629266041e-01,1.206839952203509099e-06,3.218257246726885859e-06
2.393030031710778189e+02,3.589542926539662631e+02,4.368822692050394817e-04,1.165019383720628833e-03,6.621233004999851346e-01,9.931867146000286084e-01,1.206885041431270730e-06,3.218339913234205887e-06
2.399651264715778041e+02,3.599474793685662917e+02,4.380891542464707524e-04,1.168237723633863039e-03,6.621248857715045233e-01,9.931930552759808961e-01,1.206837039007078050e-06,3.218236532201521755e-06
2.406272513573493086e+02,3.609406724238422726e+02,4.392959912854778304e-04,1.171455960166064561e-03,6.621417589103373302e-01,9.931994629023392918e-01,1.206882128351499835e-06,3.218319198243068530e-06
2.412893931162596459e+02,3.619338718867446119e+02,4.405028734138293303e-04,1.174674279364307629e-03,6.621280786223735504e-01,9.932058370533809466e-01,1.206834126268559789e-06,3.218308840697951811e-06
2.419515211948820195e+02,3.629270777237979928e+02,4.417097075400978901e-04,1.177892588205005581e-03,6.621449518538042867e-01,9.932122111736134684e-01,1.206879215285769358e-06,3.218298483219621947e-06
2.426136661467358238e+02,3.639202899349716063e+02,4.429165867553836594e-04,1.181110886688225203e-03,6.621465370273824647e-01,9.932185852630368572e-01,1.206831213100263787e-06,3.218288125586034332e-06
2.432758126837632062e+02,3.649135085202346431e+02,4.441234179684839232e-04,1.184329174813811237e-03,6.621634103883593525e-01,9.932249593218784867e-01,1.206876302234079299e-06,3.218277768462672259e-06
2.439379760941515656e+02,3.659067334795565216e+02,4.453302942707180025e-04,1.187547452582273910e-03,6.621497299288421345e-01,9.932313333499109831e-01,1.206828300389934782e-06,3.218267411184052434e-06
2.446001258240804077e+02,3.668999648129064326e+02,4.465371225711079373e-04,1.190765719993457962e-03,6.621666033823032649e-01,9.932682613626298007e-01,1.206873388974547684e-06,3.218257053972436305e-06
2.452622924274627110e+02,3.678932330742690624e+02,4.477439959600824850e-04,1.193983977047430398e-03,6.621834655391012348e-01,9.932441156848312858e-01,1.206871932654836593e-06,3.218339717564553532e-06
2.459244758930018122e+02,3.688864771899538937e+02,4.489508678927373216e-04,1.197202316764994952e-03,6.621697849601559938e-01,9.932810096515254372e-01,1.206823930989748064e-06,3.218236339449457445e-06
2.465866456779619682e+02,3.698797581996054191e+02,4.501576918237270696e-04,1.200420553104444409e-03,6.621866585894338186e-01,9.932568638997736343e-01,1.206869019638328894e-06,3.218319002576235099e-06
2.472488323365514020e+02,3.708730150635051928e+02,4.513645608433653985e-04,1.203638872107020644e-03,6.621882551347937351e-01,9.932937923665008384e-01,1.206867562885316405e-06,3.218308645032202583e-06
2.479110205916861958e+02,3.718663088558716936e+02,4.525714284062507149e-04,1.206857180752052847e-03,6.622051173905276755e-01,9.933001319491836512e-01,1.206866106579699942e-06,3.218205268015403298e-06
2.485732257090767234e+02,3.728596089878208772e+02,4.537782945128304149e-04,1.210075386020068250e-03,6.621914482354043230e-01,9.932759860867577117e-01,1.206864650055616741e-06,3.218287930443954753e-06
2.492354171573121278e+02,3.738528849739076350e+02,4.549851591628860316e-04,1.213293673950512205e-03,6.622083105221463484e-01,9.933129495813091125e-01,1.206863193535111407e-06,3.218370592262967747e-06
2.498976254678342741e+02,3.748461979234889441e+02,4.561920223564211430e-04,1.216512044542775173e-03,6.622098954358648371e-01,9.933192889794781877e-01,1.206815192006252882e-06,3.218267215523507377e-06
2.505598353632701389e+02,3.758395172124684223e+02,4.573988375484273959e-04,1.219730311758298680e-03,6.622267694166907859e-01,9.933256630803839471e-01,1.206860280560833384e-06,3.218256858312975449e-06
2.512220621326868297e+02,3.768328428755488062e+02,4.586056978289882293e-04,1.222948568616611656e-03,6.622283660183825305e-01,9.933320371505374169e-01,1.206858824050790601e-06,3.218246501169013535e-06
2.518842904987052123e+02,3.778261749126993436e+02,4.598125566530390199e-04,1.226166815117780669e-03,6.622299626172605258e-01,9.933690014796070500e-01,1.206857367544379896e-06,3.218329162057564224e-06
2.525465204613224728e+02,3.788195439141789507e+02,4.610194140205833998e-04,1.229385144279838233e-03,6.622315592132110851e-01,9.933448206745083553e-01,1.206855911041384427e-06,3.218318804448045897e-06
2.532087520205356839e+02,3.798128887348534590e+02,4.622262699316247842e-04,1.232603463084286279e-03,6.622484216667032797e-01,9.933511594585979765e-01,1.206854454320030641e-06,3.218215429538718794e-06
2.538710004422023871e+02,3.808062398943120570e+02,4.634331243859448148e-04,1.235821678513824998e-03,6.622500182937471891e-01,9.933881242661755095e-01,1.206852998046072881e-06,3.218298089507215520e-06
2.545332504604961343e+02,3.817996280185782325e+02,4.646399773839908877e-04,1.239039976603332214e-03,6.622516267902653908e-01,9.933639430742005061e-01,1.206898085950348920e-06,3.218287732319668679e-06
2.551955020872863997e+02,3.827929919616524330e+02,4.658468754699412366e-04,1.242258264335651882e-03,6.622532115698902544e-01,9.934008727310015274e-01,1.206850085008585871e-06,3.218277374977080926e-06
2.558577552988562900e+02,3.837863928343834345e+02,4.670537255549498225e-04,1.245476541710628963e-03,6.622700741224036847e-01,9.933767270269981964e-01,1.206848628523208688e-06,3.218360033648655014e-06
2.565200253729786937e+02,3.847797695614104327e+02,4.682605741834730312e-04,1.248694901744277618e-03,6.622716707746008069e-01,9.934136211645636649e-01,1.206847172041409372e-06,3.218256659970764738e-06
2.571822970437532945e+02,3.857731831825749964e+02,4.694674213555144406e-04,1.251913158404248383e-03,6.622732674239841799e-01,9.934199953384563742e-01,1.206845715341089108e-06,3.218246303049931631e-06
2.578445703111772787e+02,3.867666031779134528e+02,4.706742670708555297e-04,1.255131404707298315e-03,6.623054080756674011e-01,9.934264055035555430e-01,1.206890803204057044e-06,3.218328961023496360e-06
2.585068757192529461e+02,3.877600295834170083e+02,4.718811578740595867e-04,1.258349733668321811e-03,6.622764607816975513e-01,9.934327436857302018e-01,1.206842802560720643e-06,3.218225588443686044e-06
2.591691521800346436e+02,3.887534623271027385e+02,4.730880006766203074e-04,1.261567959256765497e-03,6.623085894748896862e-01,9.934391539736111554e-01,1.206841346092907535e-06,3.218308246173738965e-06
2.598314607695095333e+02,3.897469014810763497e+02,4.742948420227132149e-04,1.264786267502939236e-03,6.622796662157952596e-01,9.934455282083831662e-01,1.206886433576025239e-06,3.218297888698878548e-06
2.604937404357253286e+02,3.907403470092847328e+02,4.755017284562892401e-04,1.268004565391638114e-03,6.623117828888780423e-01,9.934519024125165743e-01,1.206838433111690617e-06,3.218287531291021825e-06
2.611560522186142066e+02,3.917337989116972494e+02,4.767085668894009308e-04,1.271222852922929136e-03,6.623133917748873500e-01,9.934888330567446246e-01,1.206883520489478081e-06,3.218277173949735115e-06
2.618183656103890939e+02,3.927272877447539940e+02,4.779154504098904088e-04,1.274441130096878871e-03,6.623149763282185631e-01,9.934646508265245757e-01,1.206835520144568328e-06,3.218266816675018419e-06
2.624806805867173125e+02,3.937207523955805186e+02,4.791222859300349772e-04,1.277659396913553890e-03,6.623165730280788921e-01,9.934710616050210774e-01,1.206834063472437320e-06,3.218349472643025969e-06
2.631429971597453914e+02,3.947142234571855397e+02,4.803291199935074145e-04,1.280877746386196916e-03,6.623487142711610431e-01,9.935079558770780750e-01,1.206879150914138502e-06,3.218246102026488947e-06
2.638053458740165524e+02,3.957077314130626178e+02,4.815359991444215530e-04,1.284095992488223405e-03,6.623197787903336575e-01,9.935143669743524697e-01,1.206877694358613438e-06,3.218328757307112320e-06
2.644676656528068861e+02,3.967012457800369702e+02,4.827428768387801664e-04,1.287314321245530517e-03,6.623518955560143695e-01,9.934901474696857804e-01,1.206829694252499214e-06,3.218225387644456370e-06
2.651300175483629005e+02,3.976947359275066560e+02,4.839497065330326656e-04,1.290532546633174973e-03,6.623535046830397732e-01,9.935271155534337595e-01,1.206874781314241744e-06,3.218308042681784775e-06
2.657923710530459402e+02,3.986882630430600898e+02,4.851565813143469074e-04,1.293750854675856758e-03,6.623550891079617031e-01,9.935334898918881663e-01,1.206826781327552389e-06,3.218297684986614476e-06
2.664547261421539019e+02,3.996817965329519780e+02,4.863634080956744598e-04,1.296969152360843373e-03,6.623566982907505007e-01,9.935398641997039704e-01,1.206871868283964679e-06,3.218287327579841955e-06
2.671170828404446524e+02,4.006753363971516819e+02,4.875702799639584245e-04,1.300187439688423215e-03,6.623582951056050661e-01,9.935462384767106414e-01,1.206870411746112110e-06,3.218276970461684053e-06
2.677794411355502575e+02,4.016688826356283926e+02,4.887771503757045366e-04,1.303405716658884899e-03,6.623904244489153825e-01,9.935526127226808057e-01,1.206868955211620568e-06,3.218266612966657475e-06
2.684418315599991729e+02,4.026624352483510734e+02,4.899840193309161571e-04,1.306623983271851556e-03,6.623614762448255533e-01,9.935589869384102713e-01,1.206820955463564111e-06,3.218256255981639599e-06
2.691041930362439984e+02,4.036559942352894836e+02,4.911908402863797212e-04,1.309842239527833196e-03,6.623936181439944448e-01,9.935653987099044571e-01,1.206866042209532759e-06,3.218338908580814159e-06
2.697665866543879929e+02,4.046495596339993881e+02,4.923977063285892540e-04,1.313060578436414010e-03,6.623952150209788670e-01,9.936022931166803573e-01,1.206864585685503768e-06,3.218235541469069080e-06
2.704289818694089718e+02,4.056431619271160685e+02,4.936045709142747578e-04,1.316278813977883079e-03,6.623968118951779616e-01,9.935781473615179493e-01,1.206863129165269485e-06,3.218318193824298151e-06
2.710913786813041497e+02,4.066367400744775864e+02,4.948114340434400273e-04,1.319497132171707377e-03,6.623984087663075115e-01,9.936150795820708481e-01,1.206861672648396229e-06,3.218307836064075722e-06
2.717537770900704572e+02,4.076303551540596573e+02,4.960182957160884235e-04,1.322715440007771453e-03,6.624000056347654208e-01,9.935908959819244046e-01,1.206860216134992420e-06,3.218297478813861995e-06
2.724161770957052227e+02,4.086239460500415817e+02,4.972251559322234159e-04,1.325933737486585315e-03,6.624016025001537855e-01,9.936278283373667364e-01,1.206858759625166477e-06,3.218287121408390516e-06
2.730785786982053764e+02,4.096175738783789484e+02,4.984320146918485824e-04,1.329152024607993705e-03,6.624337321885604979e-01,9.936036444792648581e-01,1.206857303118918402e-06,3.218276764069922732e-06
2.737410124303939369e+02,4.106111775228582133e+02,4.996388719949675008e-04,1.332370301372063628e-03,6.624047962592385375e-01,9.936405769696534662e-01,1.206855846616139774e-06,3.218266406797591281e-06
2.744034172266531755e+02,4.116048180998278667e+02,5.008457278415836406e-04,1.335588567778861219e-03,6.624369260155731354e-01,9.936469512887242672e-01,1.206854390116830593e-06,3.218256049370869440e-06
2.750658541526687486e+02,4.125984650511165910e+02,5.020525822317004712e-04,1.338806823828232089e-03,6.624385229430913569e-01,9.936533639926778960e-01,1.206852933621099279e-06,3.218338699942369097e-06
2.757282926756118400e+02,4.135921184151092689e+02,5.032594351653215704e-04,1.342025162528174458e-03,6.624401198677674074e-01,9.936596999265816521e-01,1.206851477128728992e-06,3.218235334860684166e-06
2.763907327954796074e+02,4.145857781150358505e+02,5.044662866424502994e-04,1.345243397863035142e-03,6.624417167895444436e-01,9.936661127530896920e-01,1.206850020640153412e-06,3.218317984966844250e-06
2.770531745122691518e+02,4.155794442277889402e+02,5.056731366630904528e-04,1.348461715848001986e-03,6.624738467552901966e-01,9.936724871332671682e-01,1.206848564154830439e-06,3.218307627207922864e-06
2.777156483590244420e+02,4.165731167149222074e+02,5.068799852272452833e-04,1.351680023475209909e-03,6.624449236110763195e-01,9.937094204088907645e-01,1.206893650103910490e-06,3.218297269737399255e-06
2.783780932826355183e+02,4.175668261353310982e+02,5.080868788773491938e-04,1.354898320744947308e-03,6.624770407256619364e-01,9.936852358993064627e-01,1.206845651138864842e-06,3.218286912333228819e-06
2.790405703233611803e+02,4.185605113712304046e+02,5.092937245284880586e-04,1.358116607657280537e-03,6.624481045521406486e-01,9.936916101871702267e-01,1.206844194664167050e-06,3.218276554996062078e-06
2.797030184279133209e+02,4.195542029814175748e+02,5.105005687231522257e-04,1.361334884212276599e-03,6.624802346536853292e-01,9.937285436652700810e-01,1.206842738192938705e-06,3.218266197947076274e-06
2.803654986625670062e+02,4.205479315250828449e+02,5.117074114613451644e-04,1.364553150410223676e-03,6.624818447047005066e-01,9.937043587686957835e-01,1.206887823931466694e-06,3.218255840521221794e-06
2.810279805072717068e+02,4.215416358838515407e+02,5.129142992852766311e-04,1.367771406250744897e-03,6.625139619055744333e-01,9.937413316255288009e-01,1.206839825205053944e-06,3.218338487956991928e-06
2.816904944691772812e+02,4.225353772154770695e+02,5.141211391104816850e-04,1.370989744738701889e-03,6.624850256468448606e-01,9.937476668349631836e-01,1.206838368744450780e-06,3.218235126235900051e-06
2.823529794948241260e+02,4.235291248823120327e+02,5.153279774792261358e-04,1.374207979864937789e-03,6.624866357815903939e-01,9.937540805932485455e-01,1.206883454324902093e-06,3.218317772984286007e-06
2.830154661306057164e+02,4.245228789629052812e+02,5.165348609335510379e-04,1.377426297637922075e-03,6.625187529919571716e-01,9.937604550771652612e-01,1.206835455777599542e-06,3.218307415670104352e-06
2.836779848835976736e+02,4.255166394179824465e+02,5.177416963893286374e-04,1.380644605053592180e-03,6.625203632561920131e-01,9.937362697198182104e-01,1.206880541474711008e-06,3.218297057979054021e-06
2.843405052468538656e+02,4.265103756877022647e+02,5.189485769308033484e-04,1.383862902111571234e-03,6.624914136423853961e-01,9.938037637625711795e-01,1.206832542824842931e-06,3.218286700798229233e-06
2.850029966604962510e+02,4.275041794514648359e+02,5.201554094736281914e-04,1.387081188812369463e-03,6.625540908664220296e-01,9.937795783437195496e-01,1.206877628194742182e-06,3.218276343462146694e-06
2.856655507513626731e+02,4.284979590298085554e+02,5.213622871018229335e-04,1.390299465155831610e-03,6.625251545046353385e-01,9.937859527043428898e-01,1.206876171642849195e-06,3.218265985971240084e-06
2.863280759058673084e+02,4.294917449825128983e+02,5.225691632734657827e-04,1.393517731141802850e-03,6.629849304960657719e-01,9.939864502865134455e-01,3.559050893198493701e-07,4.878344718567319965e-06
2.869910608363633742e+02,4.304857314327994118e+02,5.229250683627856321e-04,1.398396075860370170e-03,6.627373533839318043e-01,9.944518001942697083e-01,-8.205316930738008191e-08,5.723147633822931249e-06
2.876537981897473060e+02,4.314801832329936815e+02,5.228430151934782520e-04,1.404119223494193101e-03,6.628265652705067623e-01,9.943755396705569183e-01,-8.996528095682899268e-08,5.732600986504965412e-06
2.883166247550178127e+02,4.324745587726642384e+02,5.227530499125214230e-04,1.409851824480698066e-03,6.629156269805775992e-01,9.943606284290922304e-01,-9.834281226861474323e-08,5.742519178989283213e-06
2.889795403819983903e+02,4.334689194010933306e+02,5.226547071002528083e-04,1.415594343659687350e-03,6.629129367004793494e-01,9.943765490994564971e-01,-1.071857645163496256e-07,5.752995200199954168e-06
2.896424533186988697e+02,4.344632959501927871e+02,5.225475213357364587e-04,1.421347338859887304e-03,6.629101883287944474e-01,9.943926221389460807e-01,-1.161683446752057383e-07,5.763750038698892825e-06
2.903053635070276641e+02,4.354576885723317332e+02,5.224313529910612529e-04,1.427111088898586197e-03,6.629379556183607747e-01,9.943781252167696039e-01,-1.251509281861981279e-07,5.774411692448418176e-06
2.909683014626460249e+02,4.364520666975485028e+02,5.223062020628750548e-04,1.432885500591034615e-03,6.629351443936002397e-01,9.943942614706884342e-01,-1.342265986201260017e-07,5.785166159147543674e-06
2.916312366070396251e+02,4.374464609590191913e+02,5.221719754642549288e-04,1.438670666750182158e-03,6.629628350388543367e-01,9.944410319732241987e-01,-1.433488144905042949e-07,5.796013437410658942e-06
2.922941994420784795e+02,4.384409019909924154e+02,5.220286266497644245e-04,1.444466680187592817e-03,6.629599467751745578e-01,9.944267114814238084e-01,-1.525641178618062505e-07,5.806860526423682917e-06
2.929571593888536540e+02,4.394353287024738393e+02,5.218760625319026182e-04,1.450273540714016500e-03,6.629570401904629762e-01,9.944430664178867119e-01,-1.617794258946354466e-07,5.817893420040614466e-06
2.936201164290441170e+02,4.404297717688917260e+02,5.217142831060079828e-04,1.456091434134057115e-03,6.629541015953464012e-01,9.944288918594565985e-01,-1.710412797606246371e-07,5.828926120897675450e-06
2.942830705306394634e+02,4.414242006607511826e+02,5.215432418262473582e-04,1.461920360254954790e-03,6.629816369147647492e-01,9.944759152867845842e-01,-1.804427640393147306e-07,5.840051624204922742e-06
2.949460521675542282e+02,4.424186765760379672e+02,5.213627990622080434e-04,1.467760411879159713e-03,6.630091397743740345e-01,9.944618471218973355e-01,-1.898907954511232232e-07,5.851176932172765660e-06
2.956090613073286022e+02,4.434131384231598645e+02,5.211729082667569202e-04,1.473611588811332479e-03,6.629755568767450313e-01,9.945089781131741802e-01,-1.993388322451281405e-07,5.862395039580615974e-06
2.962720368642053472e+02,4.444076474012730387e+02,5.209735694345117921e-04,1.479473983850913095e-03,6.630029945281989967e-01,9.944950584300045193e-01,-2.088799581485790632e-07,5.873705943431738880e-06
2.969350398587335462e+02,4.454021424597030432e+02,5.207646894763632130e-04,1.485347689794344834e-03,6.630303855023953474e-01,9.945117762646873416e-01,-2.185141741763976450e-07,5.885109641161345717e-06
2.975980702442359416e+02,4.463966542359677305e+02,5.205461753021868154e-04,1.491232799435506179e-03,6.629966765109998050e-01,9.945285694346353011e-01,-2.281949383812044777e-07,5.896606130416934613e-06
2.982610669207469414e+02,4.473911828054023658e+02,5.203179803638056109e-04,1.497129405565923114e-03,6.630545347354654950e-01,9.945453966724357997e-01,-2.379222508640472036e-07,5.908102415876559030e-06
2.989241214554824069e+02,4.483857282020748016e+02,5.200800581129415637e-04,1.503037507981799673e-03,6.630207453744674240e-01,9.945317360748049396e-01,-2.477426545017917536e-07,5.919691489332003231e-06
2.995871422008568743e+02,4.493802599381496066e+02,5.198323154584397719e-04,1.508957199471131676e-03,6.630479894100744787e-01,9.945792787111713551e-01,-2.576096071125457895e-07,5.931373348182916727e-06
3.002501901902669488e+02,4.503748392168607779e+02,5.195747058513272261e-04,1.514888572819314593e-03,3.616558666140576861e-01,5.424684435774906888e-01,-1.437680643749878265e-07,3.239345966998471993e-06
