Sigma_1,Sigma_2,Epsilon_1,Epsilon_2,dSigma_1,dSigma_2,dEpsilon_1,dEpsilon_2
-0.000000000000000000e+00,-0.000000000000000000e+00,0.000000000000000000e+00,0.000000000000000000e+00,8.250055150491387712e-01,9.900053606532127626e-01,1.930976896107814867e-06,2.936685686001990675e-06
8.250055150491387712e-01,9.900053606532127626e-01,1.930976896107814867e-06,2.936685686001990675e-06,8.250104893042548015e-01,9.900139171352554390e-01,1.930965891291682845e-06,2.936685792869128122e-06
1.650016004353393573e+00,1.980019277788468202e+00,3.861942787399497712e-06,5.873371478871118797e-06,8.250201723781263041e-01,9.900240829813582444e-01,1.930971621492940236e-06,2.936685899932041988e-06
2.475036176731519877e+00,2.970043360769826446e+00,5.792914408892437948e-06,8.810057378803160785e-06,8.250281269365582482e-01,9.900337124151277202e-01,1.930971530799445449e-06,2.936685279337060504e-06
3.300064303668078125e+00,3.960077073184954166e+00,7.723885939691883397e-06,1.174674265814022129e-05,8.250360815223869437e-01,9.900435803063416529e-01,1.930971440099274347e-06,2.936685386129668369e-06
4.125100385190465069e+00,4.950120653491295819e+00,9.654857379791157744e-06,1.468342804426988966e-05,8.250440361356163876e-01,9.900527329695636425e-01,1.930971349392430320e-06,2.936686220745397219e-06
4.950144421326081456e+00,5.940173386460859462e+00,1.158582872918358806e-05,1.762011426501528688e-05,8.250524676198454088e-01,9.900628393535502170e-01,1.930971258678913368e-06,2.936686327703234107e-06
5.775196888945926865e+00,6.930236225814409678e+00,1.351679998786250143e-05,2.055680059271852098e-05,8.250599454499880636e-01,9.900719920674143637e-01,1.930971895587650313e-06,2.936684979166612246e-06
6.600256834395914929e+00,7.920308217881824042e+00,1.544777188345015175e-05,2.349348557188513323e-05,8.250683769866551387e-01,9.900825753818969233e-01,1.930971077230444447e-06,2.936686541322341320e-06
7.425325211382570068e+00,8.910390793263720965e+00,1.737874296068059619e-05,2.643017211320747455e-05,8.250763317173204214e-01,9.900912512951602906e-01,1.930971714123025086e-06,2.936683737726166388e-06
8.250401543099890489e+00,9.900482044558881256e+00,1.930971467480362128e-05,2.936685585093364094e-05,8.250847633112634583e-01,9.901008809938165456e-01,1.930970895755285518e-06,2.936686754618610394e-06
9.075486306411153947e+00,1.089058292555269780e+01,2.124068557055890680e-05,3.230354260555225133e-05,8.250917644033517462e-01,9.901114644083914840e-01,1.930971532631701380e-06,2.936686861667152653e-06
9.900578070814505693e+00,1.188069438996108929e+01,2.317165710319060818e-05,3.524022946721940398e-05,8.251006729156262764e-01,9.901201404063826317e-01,1.930972169275196735e-06,2.936684058017811157e-06
1.072567874373013197e+01,1.287081453036747192e+01,2.510262927246580491e-05,3.817691352523721514e-05,8.251086277457240215e-01,9.901297702154536751e-01,1.930971351110873823e-06,2.936687074805829553e-06
1.155078737147585599e+01,1.386094430058292559e+01,2.703360062357667873e-05,4.111360060004304469e-05,8.251165826014101867e-01,9.901403536969848318e-01,1.930970532722060075e-06,2.936684271343086028e-06
1.237590395407726618e+01,1.485108465427991042e+01,2.896457115629873881e-05,4.405028487138613072e-05,8.251245375211162525e-01,9.901490298661439482e-01,1.930972624579505666e-06,2.936687288283502592e-06
1.320102849159838243e+01,1.584123368414605437e+01,3.089554378087824447e-05,4.698697215966963331e-05,8.251324924328056198e-01,9.901596134153578532e-01,1.930971806396561581e-06,2.936684484563294932e-06
1.402616098403118805e+01,1.683139329756141223e+01,3.282651558727480606e-05,4.992365664423292825e-05,8.251404473700905129e-01,9.901682896525230149e-01,1.930970987989133437e-06,2.936687501434085388e-06
1.485130143140127856e+01,1.782156158721393524e+01,3.475748657526393949e-05,5.286034414566701363e-05,8.251484023329673789e-01,9.901779195418995982e-01,1.930970169579231956e-06,2.936684697900468922e-06
1.567644983373424594e+01,1.881173950675583484e+01,3.668845674484317145e-05,5.579702884356748256e-05,8.251563573694689069e-01,9.901875495718037712e-01,1.930972261393129889e-06,2.936687714479615770e-06
1.650160619110371485e+01,1.980192705632763861e+01,3.861942900623630134e-05,5.873371655804709833e-05,8.251652661013402223e-01,9.901990869895165304e-01,1.930971443189111625e-06,2.936684910688528393e-06
1.732677145720505507e+01,2.079212614331715514e+01,4.055040044942541296e-05,6.167040146873562672e-05,8.251722674346630981e-01,9.902068095056044683e-01,1.930970624760602525e-06,2.936682107118835099e-06
1.815194372463971817e+01,2.178233295282275961e+01,4.248137107418601549e-05,6.460708357585446182e-05,8.251811762766330105e-01,9.902164396401573754e-01,1.930972716539019942e-06,2.936685123832680515e-06
1.897712490091635118e+01,2.277254939246291698e+01,4.441234379072503543e-05,6.754376869968714233e-05,8.251881776622695952e-01,9.902260698172788977e-01,1.930971898094349453e-06,2.936688140494606199e-06
1.980231307857862078e+01,2.376277546228019588e+01,4.634331568881938488e-05,7.048045684018174853e-05,8.251970865086981632e-01,9.902356998929064957e-01,1.930971079869263785e-06,2.936685336632645880e-06
2.062751016508731894e+01,2.475301116217310238e+01,4.827428676868864867e-05,7.341714217681439441e-05,8.252040879418487407e-01,9.902472376379023444e-01,1.930970261419673729e-06,2.936688353224952233e-06
2.145271425302916768e+01,2.574325839981100472e+01,5.020525703010832240e-05,7.635383053003934664e-05,8.252129968431454188e-01,9.902549602869470391e-01,1.930969442967630666e-06,2.936685549327552056e-06
2.227792724987231310e+01,2.673351336009795176e+01,5.213622647307595306e-05,7.929051607936689870e-05,8.252219058427954224e-01,9.902645904499394192e-01,1.930971534694412954e-06,2.936682745429555568e-06
2.310314915571510852e+01,2.772377795054789118e+01,5.406719800777036602e-05,8.222719882479645427e-05,8.252289074253340573e-01,9.902742208053219031e-01,1.930973626623913944e-06,2.936685762156546935e-06
2.392837806314044258e+01,2.871405217135321308e+01,5.599817163439427996e-05,8.516388458695300120e-05,8.252359088910807827e-01,9.902857587199349609e-01,1.930969897971964572e-06,2.936688778387583571e-06
2.475361397203152336e+01,2.970433793007314804e+01,5.792914153236624453e-05,8.810057336534058477e-05,8.252448179813640650e-01,9.902934814707471389e-01,1.930971989663279897e-06,2.936685974641361834e-06
2.557885879001288743e+01,3.069463141154389518e+01,5.986011352202952443e-05,9.103725933998194661e-05,8.252537271099775751e-01,9.903031117579104148e-01,1.930974081335269318e-06,2.936683170672472077e-06
2.640411251712286500e+01,3.168493452330180560e+01,6.179108760336479375e-05,9.397394251065441869e-05,8.252607286482778193e-01,9.903127422604853791e-01,1.930970352903595946e-06,2.936686186816189780e-06
2.722937324577114282e+01,3.267524726556229098e+01,6.372205795626838969e-05,9.691062869747060847e-05,8.252696378365662611e-01,9.903223726097465374e-01,1.930972444559437532e-06,2.936683383255922269e-06
2.805464288360770908e+01,3.366556963817203751e+01,6.565303040082782723e-05,9.984731208072653073e-05,8.252766394175630182e-01,9.903358182752910466e-01,1.930968715912055361e-06,2.936686399330020640e-06
2.887991952302527210e+01,3.465590545644732856e+01,6.758399911673988259e-05,1.027839984800565514e-04,8.252855486655406025e-01,9.903416338159019006e-01,1.930970807551742334e-06,2.936689415352212833e-06
2.970520507169081270e+01,3.564624709026323046e+01,6.951496992429162492e-05,1.057206878954087642e-04,8.252925504669264001e-01,9.903512640508296272e-01,1.930972899394120903e-06,2.936680791454840248e-06
3.053049762215773910e+01,3.663659835431406009e+01,7.144594282368574583e-05,1.086573686868636045e-04,8.253014596017003157e-01,9.903608947316726585e-01,1.930969170745004009e-06,2.936683807663637187e-06
3.135579908175943942e+01,3.762695924904573275e+01,7.337691199443074983e-05,1.115940524945272416e-04,8.253084614553962695e-01,9.903705254550914105e-01,1.930971262349196913e-06,2.936686823598496894e-06
3.218110754321483569e+01,3.861732977450082416e+01,7.530788325677994675e-05,1.145307393181257385e-04,8.253173708323444657e-01,9.903801562210574616e-01,1.930973354156122071e-06,2.936689839703495028e-06
3.300642491404718015e+01,3.960770993072188162e+01,7.723885661093606882e-05,1.174674291578292336e-04,8.253243725510515105e-01,9.903897865571096304e-01,1.930969625283198744e-06,2.936681215803615226e-06
3.383174928659823166e+01,4.059809971727899125e+01,7.916982623621926756e-05,1.204041103736328488e-04,8.253351894909997100e-01,9.904032325529286140e-01,1.930971717073955737e-06,2.936684231651169553e-06
3.465708447608923137e+01,4.158850294983191986e+01,8.110079795329322330e-05,1.233407946052840183e-04,8.253421914662979475e-01,9.904090482669758444e-01,1.930973808845413931e-06,2.936687247446817702e-06
3.548242666755552932e+01,4.257891199809889571e+01,8.303177176213863723e-05,1.262774818527308360e-04,8.253491932575585110e-01,9.904186791801734557e-01,1.930970079970728776e-06,2.936690263634594671e-06
3.630777586081308783e+01,4.356933067727906916e+01,8.496274184210936601e-05,1.292141721163654307e-04,8.253561952778269983e-01,9.904283096173216450e-01,1.930972171726018805e-06,2.936681639510230809e-06
3.713313205609091483e+01,4.455975898689639081e+01,8.689371401383538481e-05,1.321508537558756615e-04,8.253670123614327281e-01,9.904379405925851643e-01,1.930974263239978984e-06,2.936684655218546472e-06
3.795849906845234756e+01,4.555019692748897597e+01,8.882468827707536380e-05,1.350875384110942080e-04,8.253740142252610212e-01,9.904475716104101934e-01,1.930970534585563052e-06,2.936687671097000562e-06
3.878387308267760858e+01,4.654064449909938617e+01,9.075565881166092685e-05,1.380242260821912086e-04,8.253810163324573068e-01,9.904610179058010999e-01,1.930972626305386118e-06,2.936690686923548472e-06
3.960925409901006589e+01,4.753110551700518727e+01,9.268663143796631297e-05,1.409609167691147570e-04,8.253880182316279956e-01,9.904668332202746228e-01,1.930968897657299216e-06,2.936682062796663840e-06
4.043464211724169388e+01,4.852157235022546189e+01,9.461760033562361218e-05,1.438975988319114209e-04,8.253988354493344559e-01,9.904764643427554915e-01,1.930970989138936617e-06,2.936685078587812549e-06
4.126004095269102834e+01,4.951204881456821738e+01,9.654857132476254880e-05,1.468342839104992334e-04,8.254058376434869615e-01,9.904860955077836593e-01,1.930973080601261667e-06,2.936688094327027975e-06
4.208544679033451530e+01,5.050253491007600104e+01,9.847954440536381047e-05,1.497709720048262614e-04,8.254128398649243081e-01,9.904957261161086990e-01,1.930975172266291865e-06,2.936679469993385989e-06
4.291085963019943961e+01,5.149303063619210974e+01,1.004105195776301023e-04,1.527076514748196474e-04,8.254236569467607865e-01,9.905053579540279429e-01,1.930971443608379382e-06,2.936694125461956472e-06
4.373628328714620039e+01,5.248353599414613768e+01,1.023414910212384817e-04,1.556443456002816039e-04,8.254268438734939650e-01,9.905188039266477062e-01,1.930967714742842182e-06,2.936685501536923180e-06
4.456171013101969436e+01,5.347405479807278539e+01,1.042724587359813239e-04,1.585810311018185270e-04,8.254376615240914816e-01,9.905246199478909830e-01,1.930975626676022195e-06,2.936688516914936651e-06
4.538714779254378584e+01,5.446457941802067637e+01,1.062034343626573461e-04,1.615177196187334637e-04,8.254484781627127177e-01,9.905342506573262540e-01,1.930960257698542096e-06,2.936679892800791395e-06
4.621259627070649856e+01,5.545511366867800263e+01,1.081343946203558882e-04,1.644543995115342551e-04,8.254516662156348161e-01,9.905438820316234683e-01,1.930979809466881747e-06,2.936682908143405666e-06
4.703804793692213337e+01,5.644565755070962609e+01,1.100653744298227699e-04,1.673910824196776607e-04,8.254624828947143556e-01,9.905535134485390358e-01,1.930964440740204715e-06,2.936685923878094547e-06
4.786351041981684773e+01,5.743621106415816513e+01,1.119963388705629746e-04,1.703277683435557553e-04,8.254694855814719290e-01,9.905669602661859585e-01,1.930972352152100324e-06,2.936688939116896459e-06
4.868897990539831966e+01,5.842677802442435109e+01,1.139273112227150750e-04,1.732644572826726518e-04,8.254803034491118297e-01,9.905727757297313474e-01,1.930980263732968842e-06,2.936680315222302143e-06
4.951446020884743149e+01,5.941735080015408244e+01,1.158582914864480438e-04,1.762011375978949539e-04,8.254834899155838457e-01,9.905824079542355776e-01,1.930964895071980909e-06,2.936694969917023326e-06
5.033994369876301533e+01,6.040793320810831801e+01,1.177892563815200247e-04,1.791378325678119772e-04,8.254943078429022307e-01,9.905920388268611987e-01,1.930972806414690867e-06,2.936686345764985204e-06
5.116543800660591756e+01,6.139852524693517921e+01,1.197202291879347156e-04,1.820745189135769624e-04,8.255013100676009685e-01,9.906016697074733202e-01,1.930969077765912786e-06,2.936677721663633533e-06
5.199093931667351853e+01,6.238912691664265253e+01,1.216511982657006284e-04,1.850111966352405960e-04,8.255121280885404644e-01,9.906151174854187502e-01,1.930976989269504794e-06,2.936692376168483810e-06
5.281645144476205900e+01,6.337974203412807128e+01,1.235821752549701332e-04,1.879478890114090798e-04,8.255191303729105812e-01,9.906209330250987932e-01,1.930973260604599206e-06,2.936683752253723334e-06
5.364197057513496958e+01,6.437036296715317008e+01,1.255131485155747324e-04,1.908845727636628031e-04,8.255261326701202051e-01,9.906305647363637945e-01,1.930969531954045745e-06,2.936686767265981202e-06
5.446749670780508978e+01,6.536099353188953387e+01,1.274441180475287781e-04,1.938212595309287843e-04,8.255331349802261798e-01,9.906440119380874876e-01,1.930965803317912172e-06,2.936689782670394997e-06
5.529302984278531596e+01,6.635163754382762136e+01,1.293750838508466903e-04,1.967579493135991793e-04,8.255401379563167552e-01,9.906498267305181571e-01,1.930973714744254775e-06,2.936669519074770404e-06
5.611856998074163272e+01,6.734228737055813951e+01,1.313060575655909451e-04,1.996946188326739497e-04,8.255509555168814018e-01,9.906556438483420379e-01,1.930969986091993695e-06,2.936684173508009128e-06
5.694412093625851412e+01,6.833294301440648155e+01,1.332370275516829388e-04,2.026313030061819588e-04,8.255579585718493263e-01,9.906690919725917865e-01,1.930977897235196901e-06,2.936698827786803252e-06
5.776967889483036345e+01,6.932361210637907334e+01,1.351680054489181357e-04,2.055680018339687621e-04,8.255687755248786175e-01,9.906825385710646970e-01,1.930962528808125587e-06,2.936690203390114910e-06
5.859524767035524206e+01,7.031429464495013804e+01,1.370989679777262612e-04,2.085046920373588770e-04,8.255719634119245143e-01,9.906883542035274104e-01,1.930970440157218785e-06,2.936681579488120914e-06
5.942081963376716658e+01,7.130498299915366545e+01,1.390299384178834800e-04,2.114413736168469979e-04,8.255827817885048603e-01,9.907018008403838394e-01,1.930978351231276997e-06,2.936672955192724159e-06
6.024640241555567144e+01,7.229568479999404929e+01,1.409609167691147570e-04,2.143780465720397221e-04,8.255897842757917715e-01,9.907076181720100294e-01,1.930974622783062766e-06,2.936687609485965278e-06
6.107199219983146321e+01,7.328639241816605931e+01,1.428918913918978198e-04,2.173147341815256873e-04,8.256006020256094757e-01,9.907210666220009898e-01,1.930970893905287634e-06,2.936702262958763507e-06
6.189759280185707269e+01,7.427711348478806030e+01,1.448228622858031074e-04,2.202514364444844509e-04,8.256076045533404795e-01,9.907268805821018987e-01,1.930967165263895681e-06,2.936670361250681661e-06
6.272320040641041317e+01,7.526784036537016220e+01,1.467538294510670031e-04,2.231881068057351325e-04,8.256146078335291350e-01,9.907326979968473779e-01,1.930975076704685277e-06,2.936685014688080689e-06
6.354881501424394230e+01,7.625857306336700958e+01,1.486848045277716884e-04,2.261247918204232132e-04,8.256177951343630639e-01,9.907461465972886572e-01,1.930971347825148317e-06,2.936699668637060513e-06
6.437443280937830536e+01,7.724931920996429824e+01,1.506157758755968367e-04,2.290614914890602737e-04,8.256362435427320179e-01,9.907595934876241017e-01,1.930967619181967430e-06,2.936691044235439051e-06
6.520006905292103738e+01,7.824007880345192234e+01,1.525467434947788041e-04,2.319981825332957128e-04,8.256394316524477972e-01,9.907654092326225737e-01,1.930975530331621639e-06,2.936682420328484830e-06
6.602570848457348518e+01,7.923084421268454491e+01,1.544777190251104258e-04,2.349348649536241976e-04,8.256426190037302604e-01,9.907788561613557476e-01,1.930971801672313245e-06,2.936673796028154955e-06
6.685135110357721544e+01,8.022162306884590066e+01,1.564086908267827390e-04,2.378715387496523526e-04,8.256534369483716773e-01,9.907846737898893252e-01,1.930968073027424740e-06,2.936688449547600983e-06
6.767700454052558712e+01,8.121240774263578999e+01,1.583396588998101638e-04,2.408082271991999535e-04,8.256642549279575860e-01,9.907981208031060305e-01,1.930964344396901913e-06,2.936679825433862303e-06
6.850266879545354470e+01,8.220320586343889602e+01,1.602706232442070657e-04,2.437449070246338158e-04,8.256750737493518955e-01,9.908039385174021163e-01,1.930972255469279612e-06,2.936694478781191235e-06
6.932834386920289660e+01,8.319400980195629813e+01,1.622015954996763453e-04,2.466816015034150071e-04,8.256782619877469642e-01,9.908097543161034082e-01,1.930980166266595219e-06,2.936685854410035854e-06
7.015402213119064356e+01,8.418481955627240154e+01,1.641325756659429405e-04,2.496182873578250429e-04,8.256814485936558867e-01,9.908232014105919916e-01,1.930964798167901638e-06,2.936677230533520609e-06
7.097970357978429945e+01,8.517564275768299353e+01,1.660635404641108421e-04,2.525549645883585635e-04,8.256998981852632369e-01,9.908366505518415579e-01,1.930972709171080133e-06,2.936691883469015347e-06
7.180540347796956269e+01,8.616647940823483509e+01,1.679945131732819223e-04,2.554916564718275789e-04,8.257030856576932365e-01,9.908424664094042100e-01,1.930968980300677576e-06,2.936683259335164716e-06
7.263110656362725592e+01,8.715732187464423930e+01,1.699254821535825999e-04,2.584283397311627436e-04,8.257062739757259351e-01,9.908559156812657420e-01,1.930976891464751674e-06,2.936697912320424333e-06
7.345681283760298186e+01,8.814817779032550504e+01,1.718564590450473515e-04,2.613650376434831679e-04,8.257247228897313107e-01,9.908617295041608486e-01,1.930973162578221609e-06,2.936666011150947022e-06
7.428253756049271317e+01,8.913903951982966589e+01,1.737874322076255731e-04,2.643017036546341150e-04,8.257202796774549824e-01,9.908751809578717484e-01,1.930969434150038013e-06,2.936703941032730181e-06
7.510825784017016815e+01,9.012991470078753764e+01,1.757184016417756111e-04,2.672384075956668451e-04,8.257387286613635524e-01,9.908809947743293378e-01,1.930965705292293517e-06,2.936672039742581168e-06
7.593399656883153170e+01,9.112079569556186698e+01,1.776493673470679047e-04,2.701750796354094263e-04,8.257419170885214044e-01,9.908868127830174899e-01,1.930973616157100710e-06,2.936686692742314884e-06
7.675973848592005311e+01,9.211168250834488447e+01,1.795803409632250054e-04,2.731117663281517412e-04,8.257527354117115692e-01,9.909078938364359601e-01,1.930969887505219100e-06,2.936701345143731632e-06
7.758549122133176468e+01,9.310259040218132043e+01,1.815113108507302245e-04,2.760484676732954728e-04,8.257559238882663522e-01,9.909060761196002431e-01,1.930977798308931501e-06,2.936669444295828685e-06
7.841124714522003103e+01,9.409349647830092067e+01,1.834422886490391560e-04,2.789851371175913015e-04,8.257667422711421068e-01,9.909195257568796933e-01,1.930974069640868174e-06,2.936684096883782416e-06
7.923701388749117314e+01,9.508441600405780036e+01,1.853732627186800242e-04,2.819218212144750839e-04,8.257775606889623532e-01,9.909329755049185451e-01,1.930970340987197631e-06,2.936698749317399968e-06
8.006279144818013549e+01,9.607534897956271891e+01,1.873042330596672218e-04,2.848585199637924839e-04,8.257807483034866891e-01,9.909387915147220838e-01,1.930966612347974082e-06,2.936690124921172412e-06
8.088857219648362218e+01,9.706628777107744099e+01,1.892351996720151959e-04,2.877952100887136563e-04,8.257915677127130039e-01,9.909522391115501705e-01,1.930974523074409973e-06,2.936681501019557886e-06
8.171436376419633518e+01,9.805724001018899116e+01,1.911661741950896058e-04,2.907318915897332142e-04,8.258023862251775427e-01,9.909580551149588246e-01,1.930970794419031812e-06,2.936672876946693628e-06
8.254016615042151273e+01,9.904819806530394999e+01,1.930971449895086376e-04,2.936685644666799078e-04,8.258055738901219911e-01,9.909715050779936973e-01,1.930967065778019329e-06,2.936687528950750279e-06
8.336597172431163472e+01,1.000391695703819437e+02,1.950281120552866570e-04,2.966052519956306581e-04,8.258163924430732550e-01,9.909773234719381207e-01,1.930963337151399631e-06,2.936702181022352726e-06
8.419178811675470797e+01,1.010301468938538818e+02,1.969590753924380566e-04,2.995419541766530108e-04,8.258272120203002942e-01,9.909831371615211992e-01,1.930971247578595722e-06,2.936670280716442444e-06
8.501761532877500827e+01,1.020211300310154030e+02,1.988900466400166523e-04,3.024786244573694533e-04,8.258304017335831304e-01,9.910042189996488560e-01,1.930990797413789347e-06,2.936684932752591480e-06
8.584344573050859140e+01,1.030121342500150519e+02,2.008210374374304417e-04,3.054153093901220447e-04,8.258412184025019087e-01,9.910024057744948323e-01,1.930963790484544309e-06,2.936699584412522362e-06
8.666928694891109330e+01,1.040031366557895467e+02,2.027520012279149860e-04,3.083520089745345671e-04,8.258444061288940929e-01,9.910158511784885604e-01,1.930960061870582670e-06,2.936667684548749727e-06
8.749513135503998740e+01,1.049941525069680353e+02,2.046829612897855687e-04,3.112886766590833168e-04,8.258552268724486112e-01,9.910293039532263037e-01,1.930979611392089502e-06,2.936705612011460999e-06
8.832098658191243601e+01,1.059851818109212616e+02,2.066139409011776582e-04,3.142253822710947778e-04,8.258660456338873246e-01,9.910351176261542605e-01,1.930975882717033071e-06,2.936673712027016662e-06
8.914685262754632333e+01,1.069762169285474158e+02,2.085449167838946912e-04,3.171620559831217945e-04,8.258692334299269078e-01,9.910485680653522422e-01,1.930972154056369424e-06,2.936688363701367432e-06
8.997272186097625024e+01,1.079672654966127681e+02,2.104758889379510607e-04,3.200987443468231619e-04,8.258800522318381354e-01,9.910543842209733612e-01,1.930968425410098561e-06,2.936679739588170853e-06
9.079860191320808838e+01,1.089583198808337414e+02,2.124068573633611592e-04,3.230354240864113328e-04,8.258908710686654331e-01,9.910678347907690977e-01,1.930964697000237982e-06,2.936694391090350319e-06
9.162449278427675381e+01,1.099493877156245105e+02,2.143378220603613972e-04,3.259721184775016831e-04,8.258940610475491440e-01,9.910736509860242904e-01,1.930984246057109973e-06,2.936685766719764144e-06
9.245038684532430295e+01,1.109404613666105348e+02,2.162688063064185072e-04,3.289088042442214472e-04,8.259048777925102058e-01,9.910794671557141555e-01,1.930957239734774206e-06,2.936677142843736790e-06
9.327629172311681316e+01,1.119315408337662490e+02,2.181997635461532814e-04,3.318454813870651840e-04,8.259080678207766368e-01,9.911005498245941681e-01,1.930976788730524299e-06,2.936691793934190480e-06
9.410219979093758980e+01,1.129226413835908431e+02,2.201307403348838057e-04,3.347821731809993745e-04,8.259188867770035358e-01,9.910987341075951917e-01,1.930973060288354495e-06,2.936683169800773530e-06
9.492811867771459333e+01,1.139137401176984383e+02,2.220617133951721602e-04,3.377188563508001480e-04,8.259297057681607157e-01,9.911121849583821586e-01,1.930969331638614185e-06,2.936697820941100521e-06
9.575404838348275405e+01,1.149048523026568205e+02,2.239926827268107744e-04,3.406555541717412486e-04,8.259405247942765982e-01,9.911256305266817890e-01,1.930965603003239554e-06,2.936665921617694248e-06
9.657998890827703065e+01,1.158959779331835023e+02,2.259236483298140139e-04,3.435922200933589428e-04,8.259437149893216201e-01,9.911314521880143502e-01,1.930985152008910096e-06,2.936703847808853213e-06
9.740593262326635227e+01,1.168871093853715166e+02,2.278546334818229240e-04,3.465289239411677960e-04,8.259469006606110497e-01,9.911448977947259209e-01,1.930958145730782673e-06,2.936671948586765633e-06
9.823187952392696332e+01,1.178782542831662425e+02,2.297855916275537067e-04,3.494655958897545617e-04,8.259653532003738974e-01,9.911507168221618258e-01,1.930977694675331318e-06,2.936686599297585933e-06
9.905784487712733721e+01,1.188694049999884044e+02,2.317165693222290380e-04,3.524022824890521476e-04,8.259685411982076175e-01,9.911641652099234534e-01,1.930973966229692067e-06,2.936677975194689275e-06
9.988381341832554483e+01,1.198605691651983278e+02,2.336475432884587301e-04,3.553389604642468369e-04,8.259717291867758604e-01,9.911699843231218665e-01,1.930970237354410601e-06,2.936692625955382874e-06
1.007097851475123207e+02,1.208517391495214497e+02,2.355785135258131407e-04,3.582756530902022197e-04,8.259825483727354367e-01,9.911834327953528145e-01,1.930966508937556917e-06,2.936684001817195435e-06
1.015357676958850561e+02,1.218429225823168025e+02,2.375094800347506976e-04,3.612123370920194152e-04,8.259933699757908698e-01,9.911892519943279467e-01,1.930986057670035618e-06,2.936698652405717730e-06
1.023617610658608470e+02,1.228341118343111305e+02,2.394404660924207332e-04,3.641490357444251329e-04,8.260041868687011402e-01,9.912027005510140043e-01,1.930959051436116538e-06,2.936690028232076879e-06
1.031877652527295481e+02,1.238253145348621445e+02,2.413714251438568497e-04,3.670857257726572098e-04,8.260073773293470367e-01,9.912085169317066402e-01,1.930978600329463736e-06,2.936681403887132086e-06
1.040137726300588952e+02,1.248165230517938511e+02,2.433024037441863135e-04,3.700224071765443419e-04,8.260181966640658402e-01,9.912143332868623702e-01,1.930974871658337538e-06,2.936672780036800323e-06
1.048397908267229610e+02,1.258077373850807135e+02,2.452333786158446510e-04,3.729590799565811422e-04,8.260213847535595733e-01,9.912354170911328310e-01,1.930971143001549914e-06,2.936687430195870138e-06
1.056658122114765206e+02,1.267989728021718463e+02,2.471643497588462009e-04,3.758957673867770123e-04,8.260322041287793127e-01,9.912336012459235235e-01,1.930967414359209284e-06,2.936678806088148779e-06
1.064918444156052999e+02,1.277902064034177698e+02,2.490953171732054102e-04,3.788324461928651611e-04,8.260430235389577547e-01,9.912546852256269858e-01,1.930963685731234333e-06,2.936693456297146104e-06
1.073178874391442577e+02,1.287814610886433968e+02,2.510262808589366445e-04,3.817691396491623072e-04,8.260462141762729971e-01,9.912528693752449271e-01,1.930983234381964189e-06,2.936684832154079754e-06
1.081439336533205307e+02,1.297727139580186417e+02,2.529572640933186087e-04,3.847058244813163870e-04,8.260570311294941348e-01,9.912739535302819149e-01,1.930956228473603917e-06,2.936699481968969589e-06
1.089699906844500248e+02,1.307639879115489236e+02,2.548882203217922126e-04,3.876425239632853566e-04,8.260678531701586280e-01,9.912797700492035347e-01,1.930975776841248586e-06,2.936690858012440224e-06
1.097960585376201834e+02,1.317552676815981272e+02,2.568191960986334612e-04,3.905792148212977968e-04,8.260710413605352187e-01,9.912855834541005606e-01,1.930972048402954805e-06,2.936658959669857447e-06
1.106221295789807186e+02,1.327465532650522277e+02,2.587501681470364160e-04,3.935158737809676542e-04,8.260818609249866995e-01,9.912914060984121534e-01,1.930968319535154333e-06,2.936696883578120316e-06
1.114482114399057053e+02,1.337378446711506399e+02,2.606811364665715704e-04,3.964525706645457745e-04,8.260850517390991854e-01,9.913124874698269196e-01,1.930987868165175928e-06,2.936688259414779387e-06
1.122742964916448045e+02,1.347291571586204668e+02,2.626121243347367463e-04,3.993892589239605539e-04,8.260958687505137732e-01,9.913030390938217806e-01,1.930960862241691035e-06,2.936679635302233329e-06
1.131003923603953183e+02,1.357204601977142886e+02,2.645430851969784373e-04,4.023259385592627873e-04,8.261066910415451048e-01,9.913393854764933621e-01,1.930980410588681653e-06,2.936671011240265302e-06
1.139264990514368634e+02,1.367117995831907820e+02,2.664740656075671190e-04,4.052626095705030526e-04,8.261098766422065864e-01,9.913299434564066814e-01,1.930953405227843478e-06,2.936708934530858194e-06
1.147526089280790700e+02,1.377031295266471886e+02,2.684050190127949625e-04,4.081993185050339108e-04,8.261206990121507943e-01,9.913357600237873157e-01,1.930972953291748909e-06,2.936700310074891098e-06
1.155787296270912208e+02,1.386944652866709760e+02,2.703359919660867114e-04,4.111360188151088019e-04,8.261315187659192816e-01,9.913568351736614659e-01,1.930969224642360964e-06,2.936645139084935723e-06
1.164048611458571401e+02,1.396858221218446374e+02,2.722669611907290723e-04,4.140726639541937376e-04,8.261347097961362351e-01,9.913626647779949508e-01,1.930988772777335848e-06,2.936729608565282704e-06
1.172309958556532763e+02,1.406771847866226324e+02,2.741979499635064082e-04,4.170093935627590203e-04,8.261455268815609543e-01,9.913837400558520585e-01,1.930961767341958773e-06,2.936674437676700233e-06
1.180571413825348372e+02,1.416685685266784844e+02,2.761289117308483670e-04,4.199460680004357205e-04,8.261563494772019567e-01,9.913742914583565380e-01,1.930981315415784653e-06,2.936665813867188682e-06
1.188832977320120392e+02,1.426599428181368410e+02,2.780598930462641516e-04,4.228827338143029092e-04,8.261595350633967882e-01,9.913953799573960168e-01,1.930954310099073507e-06,2.936703735924284762e-06
1.197094572670754360e+02,1.436513381980942370e+02,2.799908473563632251e-04,4.258194375502271940e-04,8.261703577379222452e-01,9.914011966425277933e-01,1.930973858111858805e-06,2.936695111720774142e-06
1.205356276248133582e+02,1.446427393947367648e+02,2.819218212144750839e-04,4.287561326619479681e-04,8.261735461208132847e-01,9.914222786782147523e-01,1.930970129459001414e-06,2.936686487789886158e-06
1.213618011709341715e+02,1.456341616734149795e+02,2.838527913439340853e-04,4.316928191497378543e-04,8.261843689125782930e-01,9.914128299807600797e-01,1.930989677098766955e-06,2.936677863465703836e-06
1.221879855398467498e+02,1.466255745033957396e+02,2.857837810210328523e-04,4.346294970132035581e-04,8.261951860720415652e-01,9.914339120547879247e-01,1.930962672151606118e-06,2.936669239636134545e-06
1.230141807259187914e+02,1.476170084154505275e+02,2.877147436931844584e-04,4.375661662528396926e-04,8.262060089721927625e-01,9.914397356410802331e-01,1.930982219952213051e-06,2.936707160989637626e-06
1.238403867348909841e+02,1.486084481510916078e+02,2.896457259131366715e-04,4.405028734138293303e-04,8.262091945439777874e-01,9.914608109752123255e-01,1.930955214679737353e-06,2.936651991548248214e-06
1.246665959294349619e+02,1.495999089620668201e+02,2.915766811278164088e-04,4.434395254053775785e-04,8.262123858892920225e-01,9.914513690918056454e-01,1.930974762641348309e-06,2.936689912729742620e-06
1.254928083153242540e+02,1.505913603311586257e+02,2.935076558904577571e-04,4.463762153181073211e-04,8.262308376406224397e-01,9.914724514244426246e-01,1.930971033762976866e-06,2.936681288829320717e-06
1.263190391529648764e+02,1.515828327825830684e+02,2.954386269242207340e-04,4.493128966069366418e-04,8.262263944813525995e-01,9.914782752744031313e-01,1.930967305343060311e-06,2.936719209787306845e-06
1.271452655474462290e+02,1.525743110578574715e+02,2.973695942295637943e-04,4.522496158167239487e-04,8.262448492804281841e-01,9.914993506826590419e-01,1.930986852679086613e-06,2.936664040378009818e-06
1.279715103967266572e+02,1.535658104085401305e+02,2.993005810822428809e-04,4.551862798571019585e-04,8.262480348368370642e-01,9.914899088837216823e-01,1.930959847835412874e-06,2.936701961385815036e-06
1.287977584315634942e+02,1.545573003174238522e+02,3.012315409300782938e-04,4.581229818184877735e-04,8.262588580662395543e-01,9.915109914749109521e-01,1.930979395332388989e-06,2.936693337192766966e-06
1.296240172896297338e+02,1.555488113088987632e+02,3.031625203254106828e-04,4.610596751556805405e-04,8.262620466306884737e-01,9.915168083057324111e-01,1.930975666658172815e-06,2.936684713050351139e-06
1.304502793362604223e+02,1.565403281172044956e+02,3.050934959920688556e-04,4.639963598687308916e-04,8.262804986597132029e-01,9.915378910249046385e-01,1.930971937998322320e-06,2.936676088736577157e-06
1.312765598349201355e+02,1.575318660082294002e+02,3.070244679300671779e-04,4.669330359574674688e-04,8.262836872645777930e-01,9.915284419354861711e-01,1.930968209352945924e-06,2.936667464917416207e-06
1.321028435221847133e+02,1.585233944501648864e+02,3.089554361394201238e-04,4.698697034223848850e-04,8.262868758601769059e-01,9.915495321139644602e-01,1.930964480721880996e-06,2.936705384999746451e-06
1.329291303980448902e+02,1.595149439822788509e+02,3.108864006201420048e-04,4.728064088073846314e-04,8.262900644465958067e-01,9.915553490241677537e-01,1.930960752105235958e-06,2.936696760786532221e-06
1.337554204624914860e+02,1.605064993313030186e+02,3.128173613722472408e-04,4.757431055681711637e-04,8.263085197470161347e-01,9.915611659087346652e-01,1.930980299329047335e-06,2.936688136624004443e-06
1.345817289822385021e+02,1.614980604972117533e+02,3.147483416715762881e-04,4.786797937047951681e-04,8.263117084122200140e-01,9.915822489056154154e-01,1.930976570429371320e-06,2.936679512512108906e-06
1.354080406906507221e+02,1.624896427461173687e+02,3.166793182420056594e-04,4.816164732173072770e-04,8.263301607189816878e-01,9.915880658285800564e-01,1.930972841987987562e-06,2.936670888450845611e-06
1.362343708513697038e+02,1.634812308119459487e+02,3.186102910839936470e-04,4.845531441057581226e-04,8.263333494246865030e-01,9.915938827258798938e-01,1.930969113117097114e-06,2.936662264440322977e-06
1.370607042007943903e+02,1.644728246946718286e+02,3.205412601971107441e-04,4.874898063701984456e-04,8.263365381212111060e-01,9.915997072950517577e-01,1.930965384704607345e-06,2.936700183733028779e-06
1.378870407389156014e+02,1.654644244019668804e+02,3.224722255818153515e-04,4.904265065539314744e-04,8.263397300359827113e-01,9.916207905505416420e-01,1.930984931463729671e-06,2.936691559772379445e-06
1.387133804689515841e+02,1.664560451925174220e+02,3.244032105132790811e-04,4.933631981137038538e-04,8.263581792742513699e-01,9.916266075527460089e-01,1.930957927433803872e-06,2.936682935418327353e-06
1.395397386482258355e+02,1.674476718000701680e+02,3.263341684407128850e-04,4.962998810491221812e-04,8.263613712679500622e-01,9.916324245293708373e-01,1.930977474131885616e-06,2.936674311337168948e-06
1.403661000194937856e+02,1.684393042245995389e+02,3.282651459148447706e-04,4.992365553604593501e-04,8.263645600248423762e-01,9.916382493621824779e-01,1.930973745465096227e-06,2.936712230012313192e-06
1.411924645795186279e+02,1.694309424739617214e+02,3.301961196603098669e-04,5.021732675904716633e-04,8.263830126294919864e-01,9.916593249483014461e-01,1.930970016812672517e-06,2.936657063411641892e-06
1.420188475921481199e+02,1.704226017989100228e+02,3.321270896771225394e-04,5.051099246538833052e-04,8.263862014268283929e-01,9.916651499116539981e-01,1.930966288396659090e-06,2.936694981692895487e-06
1.428452337935749483e+02,1.714142669488216768e+02,3.340580559655191985e-04,5.080466196355762007e-04,8.263893902149561654e-01,9.916709669675469740e-01,1.930962559551084763e-06,2.936686357540721840e-06
1.436716231837899045e+02,1.724059379157892238e+02,3.359890185250702832e-04,5.109833059931169225e-04,8.264078463012936027e-01,9.916767839979172550e-01,1.930982106228512456e-06,2.936677733661333459e-06
1.444980310300911981e+02,1.733976146997871410e+02,3.379200006312987957e-04,5.139199837267782560e-04,8.264110351682631972e-01,9.916978757904644226e-01,1.930978377321897546e-06,2.936715651411111148e-06
1.453244420652594613e+02,1.743893125755776055e+02,3.398509790086206932e-04,5.168566993781893671e-04,8.264142240260810013e-01,9.917036847930091881e-01,1.930974648873520685e-06,2.936660485473754738e-06
1.461508562892855423e+02,1.753810162603706146e+02,3.417819536574942139e-04,5.197933598636631219e-04,8.264326769083254476e-01,9.917095100404367258e-01,1.930970920217627528e-06,2.936698403051469543e-06
1.469772889661938677e+02,1.763727257704110514e+02,3.437129245777118414e-04,5.227300582667145914e-04,8.264358658065873442e-01,9.917153271501035761e-01,1.930967191576154259e-06,2.936689779101174340e-06
1.478037248320004551e+02,1.773644410975611549e+02,3.456438917692879957e-04,5.256667480458157658e-04,8.264390546955837635e-01,9.917364110889650419e-01,1.930963462949100880e-06,2.936681154979683614e-06
1.486301638866960388e+02,1.783561775086501200e+02,3.475748552322370966e-04,5.286034292007954494e-04,8.264422470527108544e-01,9.917422282369159348e-01,1.930983009131373440e-06,2.936672530686888945e-06
1.494566061337487497e+02,1.793479197368870359e+02,3.495058382413684700e-04,5.315401017314823383e-04,8.264606966166638813e-01,9.917480537480969360e-01,1.930956005693150977e-06,2.936710448091022982e-06
1.502830668303654136e+02,1.803396677906351329e+02,3.514367942470616210e-04,5.344768121795733613e-04,8.264638890526896375e-01,9.917538625021222742e-01,1.930975551814382955e-06,2.936655282782395411e-06
1.511095307194181032e+02,1.813314216531372551e+02,3.533677697988760039e-04,5.374134674623557567e-04,8.264823422126426067e-01,9.917749550883172560e-01,1.930971823376956536e-06,2.936693199570594194e-06
1.519360130616307458e+02,1.823231966082255724e+02,3.552987416222529605e-04,5.403501606619263509e-04,8.264855312117163066e-01,9.917807723155647182e-01,1.930968094510023426e-06,2.936684575650873492e-06
1.527624985928424621e+02,1.833149773805411371e+02,3.572297097167629839e-04,5.432868452375772244e-04,8.264887202016097945e-01,9.917865895172326418e-01,1.930964365879446389e-06,2.936675951559957268e-06
1.535889873130440719e+02,1.843067639700583698e+02,3.591606740826424303e-04,5.462235211891371817e-04,8.264919127749124073e-01,9.917924153124602071e-01,1.930983912010598817e-06,2.936713868038724751e-06
1.544154792258189843e+02,1.852985563853708300e+02,3.610916579946530291e-04,5.491602350571759064e-04,8.265103661130979162e-01,9.918134911031870615e-01,1.930980183318926988e-06,2.936658703393303649e-06
1.552419895919320822e+02,1.862903698764740170e+02,3.630226381779719561e-04,5.520968937605692101e-04,8.265135515415522605e-01,9.918193170288986948e-01,1.930953180206182018e-06,2.936696619700008247e-06
1.560685031434736345e+02,1.872821891935029157e+02,3.649535913581781381e-04,5.550335903802692183e-04,8.265167442037579804e-01,9.918251343098347661e-01,1.930972726023728967e-06,2.936687995538293620e-06
1.568950198876773925e+02,1.882740143278127505e+02,3.668845640842018671e-04,5.579702783758075119e-04,8.265351976615136209e-01,9.918462189130252682e-01,1.930968997375262595e-06,2.936679371427319656e-06
1.577215550853389061e+02,1.892658605467257757e+02,3.688155330815771297e-04,5.609069577472348316e-04,8.265383904409873139e-01,9.918367776892580423e-01,1.930988543041888602e-06,2.936717287202548349e-06
1.585480934757798934e+02,1.902576973244150338e+02,3.707465216246190183e-04,5.638436750344373799e-04,8.265568403286636112e-01,9.918578535273070429e-01,1.930961540076595127e-06,2.936662123220442136e-06
1.593746503161085570e+02,1.912495551779423408e+02,3.726774831646956134e-04,5.667803371576578221e-04,8.265447686819129558e-01,9.918636797371505054e-01,1.930981085904062526e-06,2.936700038823716365e-06
1.602011950847904700e+02,1.922414188576794913e+02,3.746084642505996759e-04,5.697170371964815384e-04,8.265632185716071945e-01,9.918847645987796113e-01,1.930954082835498794e-06,2.936691414641943998e-06
1.610277583033620772e+02,1.932333036222782710e+02,3.765394183334351747e-04,5.726537286111234824e-04,8.265816760140012320e-01,9.918753144255845200e-01,1.930973628601925611e-06,2.936682790732631637e-06
1.618543399793760784e+02,1.942251789367038555e+02,3.784703919620371003e-04,5.755904114018561141e-04,8.265696006212976954e-01,9.918963993256397771e-01,1.930969899727999397e-06,2.936674166430404409e-06
1.626809095799973761e+02,1.952170753360294952e+02,3.804013618617650997e-04,5.785270855682865185e-04,8.265880581810449712e-01,9.919022166729973833e-01,1.930989445343396851e-06,2.936665542400420346e-06
1.635074976381784211e+02,1.962089775527024926e+02,3.823323513071084966e-04,5.814637511106869388e-04,8.265912435786333390e-01,9.919233108732044002e-01,1.930962442644329220e-06,2.936703457300264206e-06
1.643340888817570544e+02,1.972009008635756970e+02,3.842633137497528258e-04,5.844004545679872030e-04,8.266097012761406404e-01,9.919138606000217351e-01,1.930981987976695697e-06,2.936694833320370283e-06
1.651606985830331951e+02,1.981928147241757188e+02,3.861942957377295215e-04,5.873371494013075733e-04,8.266128866757469495e-01,9.919349457585724394e-01,1.930954985396239783e-06,2.936686208947236233e-06
1.659873114697089420e+02,1.991847496699342912e+02,3.881252507231257613e-04,5.902738356102548095e-04,8.266160797702184482e-01,9.919407631853118801e-01,1.930974530667565678e-06,2.936677585068606794e-06
1.668139275494791605e+02,2.001766904331196031e+02,3.900562252537933270e-04,5.932105131953234163e-04,8.266345337833342910e-01,9.919618484717886986e-01,1.930970802012106202e-06,2.936668960796737227e-06
1.676405620832624948e+02,2.011686522815913918e+02,3.919871960558054332e-04,5.961471821561201536e-04,8.266377269951874496e-01,9.919524074091441435e-01,1.930990347354393129e-06,2.936706875215086901e-06
1.684671998102576822e+02,2.021606046890005359e+02,3.939181864031598263e-04,5.990838890313352405e-04,8.266409084397423612e-01,9.919734928261902951e-01,1.930940070983056586e-06,2.936698250771262869e-06
1.692938407186974246e+02,2.031525781818267262e+02,3.958491264741428829e-04,6.020205872821065033e-04,8.266441055908444469e-01,9.919793103321978833e-01,1.930982889803702866e-06,2.936689626821835028e-06
1.701204848242882690e+02,2.041445574921589241e+02,3.977801093639465858e-04,6.049572769089283384e-04,8.266625597822496729e-01,9.920003958772838359e-01,1.930979161337924559e-06,2.936681002479275479e-06
1.709471473840705187e+02,2.051365578880362079e+02,3.997110885252845103e-04,6.078939579114076138e-04,8.266657491351452336e-01,9.919909453120396847e-01,1.930975432664629957e-06,2.936672378631328961e-06
1.717738131332056639e+02,2.061285488333482476e+02,4.016420639579491403e-04,6.108306302900389428e-04,8.266842034259411776e-01,9.920120308955233668e-01,1.930971704005701034e-06,2.936663754611861660e-06
1.726004973366316051e+02,2.071205608642437710e+02,4.035730356619548413e-04,6.137672940446508045e-04,8.266721278426985009e-01,9.920178580675838020e-01,1.930967975361137789e-06,2.936701667797039783e-06
1.734271694644743036e+02,2.081125787223113548e+02,4.055040036373159791e-04,6.167039957124478443e-04,8.266905821738816940e-01,9.920389438713073105e-01,1.930964246509058249e-06,2.936693043827445782e-06
1.742538600466481853e+02,2.091046176661826621e+02,4.074349678838250373e-04,6.196406887562752900e-04,8.267090365843046129e-01,9.920447614949523540e-01,1.930960518115325177e-06,2.936684419686873097e-06
1.750805690832324899e+02,2.100966624276776145e+02,4.093659284019403625e-04,6.225773731759621631e-04,8.266969691285055433e-01,9.920353107592347897e-01,1.931003336449815203e-06,2.936675795596824234e-06
1.759072660523609954e+02,2.110886977384368492e+02,4.112969317383901777e-04,6.255140489715589874e-04,8.267154154331706195e-01,9.920716748623021886e-01,1.930953060837149130e-06,2.936713708386376985e-06
1.767339814677941661e+02,2.120807694132991514e+02,4.132278847992273269e-04,6.284507626799453643e-04,8.267338699631352483e-01,9.920622142581123626e-01,1.930949332264685330e-06,2.936658547432013759e-06
1.775607153377573013e+02,2.130728316275572638e+02,4.151588341314920122e-04,6.313874212273773781e-04,8.267370677188239370e-01,9.920833102028154826e-01,1.930992150372685522e-06,2.936696460049503625e-06
1.783874524054761253e+02,2.140649149377600793e+02,4.170898262818646977e-04,6.343241176874268817e-04,8.267249920594110790e-01,9.920891278801207136e-01,1.930988421649192360e-06,2.936687835888764780e-06
1.792141773975355363e+02,2.150570040656402000e+02,4.190208147035138901e-04,6.372608055233156465e-04,8.267587035624899272e-01,9.920949455317327192e-01,1.930938146453727283e-06,2.936679211778766597e-06
1.800409361010980263e+02,2.160490990111719327e+02,4.209517528499676173e-04,6.401974847350944131e-04,8.267466362229356491e-01,9.921007631577936081e-01,1.930980964335291851e-06,2.936670587719183816e-06
1.808676827373209619e+02,2.170411997743297263e+02,4.228827338143029092e-04,6.431341553228135969e-04,8.267650909897952261e-01,9.921218595453638045e-01,1.930977235655058355e-06,2.936708499719437385e-06
1.816944478283107571e+02,2.180333216338750901e+02,4.248137110499579676e-04,6.460708638225330343e-04,8.267835458358945289e-01,9.921276773019087614e-01,1.930973506989136328e-06,2.936699875487900138e-06
1.825212313741466517e+02,2.190254493111769989e+02,4.267446845569471039e-04,6.490075636980209344e-04,8.267714701008515021e-01,9.921334848008598328e-01,1.930969778337634189e-06,2.936644715571443652e-06
1.833480028442475032e+02,2.200175827959778587e+02,4.286756543352847381e-04,6.519442084135923781e-04,8.267899249873664758e-01,9.921393126920747818e-01,1.930966049700551940e-06,2.936682627313657104e-06
1.841747927692348696e+02,2.210097221086699335e+02,4.306066203849852900e-04,6.548808910409060352e-04,8.267931145639977331e-01,9.921604095225688980e-01,1.930962321077889579e-06,2.936720538918393721e-06
1.850015858837988674e+02,2.220018825181925024e+02,4.325375827060631796e-04,6.578176115798244289e-04,8.268115781956453247e-01,9.921662169880960391e-01,1.931005138326822180e-06,2.936665379068507248e-06
1.858283974619945127e+02,2.229940487351805984e+02,4.344685878443900018e-04,6.607542769588929362e-04,8.268147592053765038e-01,9.921720451224587123e-01,1.930954863785835744e-06,2.936703290279353215e-06
1.866552122211998892e+02,2.239862207803030572e+02,4.363995427081758375e-04,6.636909802491722894e-04,8.268179488131863764e-01,9.921778629071127398e-01,1.930951135206324630e-06,2.936694666300435075e-06
1.874820301700130756e+02,2.249783986432101699e+02,4.383304938433821621e-04,6.666276749154727245e-04,8.268211471728932338e-01,9.921989496718595092e-01,1.930993952228875817e-06,2.936686041928276807e-06
1.883088513171859688e+02,2.259705975928820294e+02,4.402614877956110380e-04,6.695643609574010013e-04,8.268396023754576163e-01,9.922047674948260010e-01,1.930990223498389551e-06,2.936677417828795385e-06
1.891356909195614264e+02,2.269628023603768554e+02,4.421924780191094275e-04,6.725010383752297967e-04,8.268427832534257504e-01,9.922105852921561109e-01,1.930939949374495691e-06,2.936668794001665549e-06
1.899625337028148522e+02,2.279550129456690115e+02,4.441234179684839232e-04,6.754377071692314622e-04,8.268612473549694641e-01,9.922316828508144226e-01,1.930982766170611254e-06,2.936706704287253382e-06
1.907893949501698216e+02,2.289472446285198259e+02,4.460544007346545345e-04,6.783744138735187156e-04,8.268491714865149333e-01,9.922222209008850768e-01,1.930979037705266629e-06,2.936651545919037598e-06
1.916162441216563366e+02,2.299394668494207110e+02,4.479853797723598011e-04,6.813110654194377532e-04,8.268676268289425479e-01,9.922433185900558783e-01,1.930975308810523733e-06,2.936689456032779387e-06
1.924431117484852791e+02,2.309317101680107669e+02,4.499163550811703248e-04,6.842477548754705326e-04,8.268860822505530450e-01,9.922491364667394009e-01,1.930971580152082701e-06,2.936680832134959569e-06
1.932699978307358322e+02,2.319239593044775063e+02,4.518473266613224075e-04,6.871844357076054921e-04,8.268892720381302297e-01,9.922702344682079456e-01,1.930967851508007347e-06,2.936718742025138870e-06
1.940968871027739624e+02,2.329162295389457142e+02,4.537782945128304149e-04,6.901211544496306310e-04,8.268924618164419371e-01,9.922607722338909753e-01,1.930964122878351882e-06,2.936663583689123891e-06
1.949237795645904043e+02,2.339084903111796052e+02,4.557092586357087667e-04,6.930578180333197549e-04,8.268956515856018541e-01,9.922818703659856965e-01,1.930960394485052491e-06,2.936701493629176492e-06
1.957506752161760062e+02,2.349007721815455909e+02,4.576402190301938192e-04,6.959945195269489314e-04,8.269141162924142918e-01,9.922876883219089450e-01,1.931003210351085221e-06,2.936692869438838928e-06
1.965775893324684205e+02,2.358930598698674999e+02,4.595712222405449045e-04,6.989312123963877703e-04,8.269172969949636354e-01,9.923087757508710638e-01,1.930952936985970252e-06,2.936684245299242026e-06
1.974045066294633841e+02,2.368853686456183709e+02,4.615021751775308747e-04,7.018678966416870123e-04,8.269204867952737459e-01,9.923145937451351983e-01,1.930949208413940132e-06,2.936675621210060524e-06
1.982314271162586579e+02,2.378776832393635061e+02,4.634331243859448148e-04,7.048045722628970729e-04,8.269236858471344931e-01,9.923051421253603621e-01,1.930992024497409608e-06,2.936666996949900341e-06
1.990583508021057924e+02,2.388699883814888665e+02,4.653641164104422244e-04,7.077412392598469732e-04,8.269421416252100698e-01,9.923415103987736074e-01,1.930988295552413941e-06,2.936704906186630992e-06
1.998852929437310024e+02,2.398623298918876401e+02,4.672951047059946384e-04,7.106779441660336042e-04,8.269605881448569562e-01,9.923320588199260328e-01,1.930938022604445758e-06,2.936696281976235688e-06
2.007122535318758594e+02,2.408546619507075661e+02,4.692260427285990841e-04,7.136146404480098399e-04,8.269485214238727622e-01,9.923531465265682527e-01,1.930980838461479610e-06,2.936687657816472626e-06
2.015392020532997321e+02,2.418470150972341344e+02,4.711570235670605638e-04,7.165513281058263125e-04,8.269669773215184705e-01,9.923589645745494181e-01,1.930977109559743610e-06,2.936679033707450225e-06
2.023661690306212506e+02,2.428393740618086838e+02,4.730880006766203074e-04,7.194880071395337627e-04,8.269701672611518006e-01,9.923647825968373581e-01,1.930973381116245658e-06,2.936670409649060065e-06
2.031931391978824024e+02,2.438317388444055211e+02,4.750189740577365530e-04,7.224246775491828228e-04,8.269886232582734920e-01,9.923706119774919898e-01,1.930969652243349436e-06,2.936708318182468767e-06
2.040201278211406759e+02,2.448241094563830131e+02,4.769499437099799025e-04,7.253613858673652916e-04,8.269918132382940712e-01,9.923916885125834142e-01,1.930965923606755077e-06,2.936653161547458576e-06
2.048471196343789700e+02,2.458165011448955966e+02,4.788809096335866575e-04,7.282980390289127502e-04,8.269950032091344383e-01,9.923975180237789573e-01,1.930962195206462582e-06,2.936691069687085050e-06
2.056741146375881044e+02,2.468088986629193755e+02,4.808118718287931201e-04,7.312347300985998352e-04,8.269982027773892241e-01,9.924033361253634666e-01,1.931005009987046307e-06,2.936682445557896488e-06
2.065011128403654936e+02,2.478013019990447390e+02,4.827428768387801664e-04,7.341714125441577317e-04,8.270166493461204027e-01,9.924091657695726099e-01,1.930954737915438740e-06,2.936720353252241129e-06
2.073281294897116140e+02,2.487937111648143116e+02,4.846738315766956052e-04,7.371081328974099728e-04,8.270198393481109633e-01,9.924302423789299610e-01,1.930951009114479332e-06,2.936665197536959641e-06
2.081551493290597250e+02,2.497861414071932415e+02,4.866047825858100845e-04,7.400447980949469325e-04,8.270383053064449541e-01,9.924360721536800156e-01,1.930993824112499802e-06,2.936703104837196793e-06
2.089821876343661700e+02,2.507785774793469216e+02,4.885357764099225843e-04,7.429815011997841293e-04,8.270262193923656469e-01,9.924418786279716187e-01,1.930943551909812192e-06,2.936647949274787811e-06
2.098092138537585356e+02,2.517710193579748932e+02,4.904667199618323965e-04,7.459181491490589171e-04,8.270446854680244542e-01,9.924629786593186509e-01,1.930986366756857510e-06,2.936685856846834447e-06
2.106362585392265601e+02,2.527634823366342118e+02,4.923977063285892540e-04,7.488548350059057515e-04,8.270631419007656859e-01,9.924535384166972563e-01,1.930982637833762727e-06,2.936723763616029374e-06
2.114633216811273257e+02,2.537559358750509091e+02,4.943286889664230167e-04,7.517915587695217809e-04,8.270663320513733652e-01,9.924746150733767536e-01,1.930978909368960203e-06,2.936668608563845935e-06
2.122903880131786991e+02,2.547484104901242858e+02,4.962596678757919769e-04,7.547282273780856268e-04,8.270695221927439889e-01,9.924957154822209304e-01,1.930975180696641383e-06,2.936706515161086398e-06
2.131174575353714431e+02,2.557409062056065068e+02,4.981906430564886183e-04,7.576649338932467132e-04,8.270727123247638701e-01,9.924862514745882436e-01,1.930971451816697847e-06,2.936651360483494809e-06
2.139445302476962070e+02,2.567333924570810950e+02,5.001216145083053162e-04,7.606015852537302080e-04,8.270911688973967557e-01,9.925073520138880667e-01,1.930967723395154989e-06,2.936689266908672387e-06
2.147716214165936037e+02,2.577258998090949831e+02,5.020525822317004712e-04,7.635382745206388804e-04,8.270790925906510438e-01,9.925131702868270622e-01,1.930963994544051231e-06,2.936680643012045192e-06
2.155987005091842548e+02,2.587184129793818101e+02,5.039835462262445224e-04,7.664749551636509256e-04,8.271128157124962854e-01,9.925190006091497708e-01,1.930960266151239731e-06,2.936718549213768702e-06
2.164258133248967511e+02,2.597109319799909599e+02,5.059145064923957621e-04,7.694116737128646943e-04,8.271007393873048841e-01,9.925248068016117031e-01,1.930956537550803515e-06,2.936663394568377917e-06
2.172529140642840559e+02,2.607034567867925716e+02,5.078454630299465656e-04,7.723483371074330722e-04,8.271192062445607007e-01,9.925306371649185166e-01,1.930999351095071502e-06,2.936701300820083148e-06
2.180800332705286166e+02,2.616959874239574901e+02,5.097764623810416371e-04,7.752850384082531554e-04,8.271376529297924662e-01,9.925669967550447836e-01,1.930949080303527229e-06,2.936692676630829786e-06
2.189071709234584091e+02,2.626885544207125349e+02,5.117074114613451644e-04,7.782217310848839852e-04,8.271255867691138519e-01,9.925728029116385187e-01,1.930991893918702039e-06,2.936637522547380988e-06
2.197342965102275230e+02,2.636811272236241734e+02,5.136384033552638664e-04,7.811583686074313661e-04,8.271440436780324035e-01,9.925480920086329206e-01,1.930988165196184658e-06,2.936675428540937681e-06
2.205614405539055554e+02,2.646736753156328064e+02,5.155693915204600511e-04,7.840950440359723038e-04,8.271472236820329726e-01,9.925844764939597553e-01,1.930937894273560343e-06,2.936759863403359816e-06
2.213885877775875883e+02,2.656662597921267661e+02,5.175003294147336114e-04,7.870318038993756636e-04,8.271656909505225030e-01,9.925902702220810170e-01,1.930980707884289924e-06,2.936658180243854541e-06
2.222157534685381108e+02,2.666588500623488471e+02,5.194313101226179013e-04,7.899684620796195182e-04,8.271688812935451551e-01,9.925960885357767438e-01,1.930976979205032210e-06,2.936649556307979227e-06
2.230429223498316560e+02,2.676514461508846239e+02,5.213622871018229335e-04,7.929051116359274974e-04,8.271720716273023299e-01,9.926019318032786032e-01,1.930973250540085964e-06,2.936733990502315983e-06
2.238700944214589583e+02,2.686440480826879025e+02,5.232932603523630195e-04,7.958418456264298134e-04,8.271752619519077143e-01,9.926382671330884477e-01,1.930969521667623423e-06,2.936632308314797955e-06
2.246972696834108660e+02,2.696366863498209909e+02,5.252242298740306429e-04,7.987784779347446113e-04,8.271937191000233724e-01,9.926135686684460779e-01,1.930965793253561560e-06,2.936716742063852879e-06
2.255244634025108894e+02,2.706292999184894370e+02,5.271551956672842045e-04,8.017151946768084642e-04,8.271969094650160059e-01,9.926499291980235284e-01,1.930962064631766562e-06,2.936708117783960216e-06
2.263516603119759054e+02,2.716219498476874605e+02,5.290861577319159710e-04,8.046519027945924244e-04,8.272001103884747408e-01,9.926557477470510094e-01,1.931004877388036410e-06,2.936699493776527559e-06
2.271788604223643802e+02,2.726146055954345115e+02,5.310171626093040075e-04,8.075886022883689520e-04,8.272185571269972115e-01,9.926310239570170779e-01,1.930954607341772711e-06,2.936690869376180034e-06
2.280060789794913774e+02,2.736072366193915286e+02,5.329481172166457802e-04,8.105252931577451320e-04,8.272217475231968820e-01,9.926673846784979105e-01,1.930950878763237379e-06,2.936682245248184095e-06
2.288333007270145742e+02,2.745999040040700265e+02,5.348790680954090175e-04,8.134619754029933161e-04,8.272402155732265783e-01,9.926732031506162457e-01,1.930993691293017393e-06,2.936673621170928818e-06
2.296605409425878008e+02,2.755925772072206428e+02,5.368100617867020349e-04,8.163986490241642449e-04,8.272281390771922815e-01,9.927095641793926006e-01,1.930989962563669539e-06,2.936664997144305782e-06
2.304877690816649931e+02,2.765852867714000354e+02,5.387410517492657045e-04,8.193353140213085507e-04,8.272465858018165363e-01,9.926848401076995287e-01,1.930939692712453810e-06,2.936656373390142752e-06
2.313150156674668096e+02,2.775779716115077349e+02,5.406719914419781583e-04,8.222719703946986935e-04,8.272650540867516611e-01,9.926906844039535827e-01,1.930982505237788596e-06,2.936740804589804688e-06
2.321422807215535613e+02,2.785706622959116885e+02,5.426029739472159469e-04,8.252087111992884982e-04,8.272529775335328850e-01,9.927270198157884806e-01,1.930978776551591988e-06,2.936639125095011175e-06
2.329695336990870942e+02,2.795633893157274770e+02,5.445339527237675389e-04,8.281453503243835093e-04,8.272714351375611841e-01,9.927328644244539646e-01,1.930975047879706849e-06,2.936723556293263648e-06
2.337968051342246554e+02,2.805561221801519309e+02,5.464649277716472457e-04,8.310820738806767730e-04,8.272898928208007874e-01,9.927386831063813588e-01,1.930971319222350019e-06,2.936714931973255505e-06
2.346240950270454562e+02,2.815488608632583123e+02,5.483958990908695957e-04,8.340187888126500285e-04,8.272778162103691102e-01,9.927444754928842485e-01,1.930967590579304657e-06,2.936613253228296215e-06
2.354513728432558253e+02,2.825416053387511965e+02,5.503268666814489004e-04,8.369554020658783247e-04,8.272962739339675409e-01,9.927503203010132893e-01,1.930963861950570765e-06,2.936697683536852385e-06
2.362786691171897928e+02,2.835343556590522098e+02,5.522578305433994712e-04,8.398920997494151771e-04,8.272994644914604123e-01,9.927561389061452246e-01,1.930960133336365181e-06,2.936689059590677151e-06
2.371059685816812532e+02,2.845271117979583551e+02,5.541887906767358363e-04,8.428287888090058542e-04,8.273179333818347914e-01,9.927619574855270912e-01,1.931002945153715948e-06,2.936680435473414813e-06
2.379332865150630880e+02,2.855198737554438821e+02,5.561197936218895523e-04,8.457654692444792691e-04,8.273211129508126760e-01,9.927983195177603193e-01,1.930952676061224900e-06,2.936671811184848532e-06
2.387606076280139007e+02,2.865126720749616425e+02,5.580507462979507772e-04,8.487021410556641176e-04,8.273243035395694278e-01,9.927736213874709392e-01,1.930948947490278983e-06,2.936756240278230908e-06
2.395879319315534701e+02,2.875054456963491134e+02,5.599816952454410562e-04,8.516388972959423485e-04,8.273275053015538560e-01,9.928099569094683829e-01,1.930991758859095311e-06,2.936654563152093882e-06
2.404152594368550240e+02,2.884982556532585818e+02,5.619126870043001515e-04,8.545755518590944424e-04,8.273459633413153824e-01,9.928157755654183347e-01,1.930988030137228452e-06,2.936645939015641166e-06
2.412426054001963394e+02,2.894910714288240001e+02,5.638436750344373799e-04,8.575121977981100835e-04,8.273491427785870655e-01,9.928216212029497001e-01,1.930937761683766164e-06,2.936730367440938162e-06
2.420699545429749264e+02,2.904838930500269498e+02,5.657746127961211461e-04,8.604489281655510217e-04,8.273676121387723015e-01,9.928274128930638653e-01,1.930980572826309499e-06,2.936628691286788384e-06
2.428973221551136987e+02,2.914767204629200137e+02,5.677055933689474556e-04,8.633855568568378101e-04,8.273708028759187982e-01,9.928332586634383006e-01,1.930976844147593886e-06,2.936713119045084204e-06
2.437246929579896175e+02,2.924695537215834520e+02,5.696365702130950495e-04,8.663222699758828943e-04,8.273739936040271914e-01,9.928696215072250197e-01,1.930973115705125927e-06,2.936704494786441903e-06
2.445520669515936447e+02,2.934624233430906770e+02,5.715675433288001754e-04,8.692589744706693362e-04,8.273771843226711553e-01,9.928448962032234704e-01,1.930969386833205487e-06,2.936695870578540264e-06
2.453794441359163159e+02,2.944552682392939005e+02,5.734985127156333809e-04,8.721956703412478765e-04,8.273956426015445231e-01,9.928812591749647254e-01,1.930965658197641120e-06,2.936687246421270867e-06
2.462068397785178604e+02,2.954481494984688652e+02,5.754294783738310220e-04,8.751323575876691473e-04,8.273988333607746881e-01,9.928565336405199560e-01,1.930961929576388222e-06,2.936678622314525290e-06
2.470342386118786351e+02,2.964410060321093852e+02,5.773604403034074102e-04,8.780690362099836726e-04,8.274020356393521070e-01,9.928928967402157468e-01,1.931004740308452615e-06,2.936669998258520375e-06
2.478616406475179872e+02,2.974338989288496009e+02,5.792914450437158629e-04,8.810057062082421930e-04,8.274204825476658698e-01,9.928987155292361422e-01,1.930954472287478574e-06,2.936661374253147702e-06
2.486890611300656531e+02,2.984267976443788370e+02,5.812223995160033414e-04,8.839423675824953407e-04,8.274236733380178066e-01,9.929045621287855283e-01,1.930950743709485343e-06,2.936745799906790265e-06
2.495164848034036709e+02,2.994197022065076226e+02,5.831533502597128268e-04,8.868791133824021310e-04,8.274268757631375593e-01,9.929408978556466536e-01,1.930993553993015296e-06,2.936644126121188553e-06
2.503439116791668084e+02,3.004126431043632692e+02,5.850843438137058421e-04,8.898157575085233195e-04,8.274453343581171794e-01,9.929161999447728704e-01,1.930989825486145728e-06,2.936728551551485468e-06
2.511713570135249256e+02,3.014055593043080421e+02,5.870153336391919878e-04,8.927524860600748050e-04,8.274485135358133903e-01,9.929525356152453242e-01,1.930939557882264263e-06,2.936626878191758369e-06
2.519988055270607390e+02,3.023985118399232874e+02,5.889462731970742521e-04,8.956891129382665634e-04,8.274517161073049465e-01,9.929278376581009979e-01,1.930982367939412803e-06,2.936711302954945688e-06
2.528262572431680439e+02,3.033914396775813884e+02,5.908772555650136649e-04,8.986258242412215090e-04,8.274701748220252284e-01,9.929642015693502799e-01,1.930978639475694481e-06,2.936702678928864753e-06
2.536537274179900692e+02,3.043844038791507387e+02,5.928082342044893593e-04,9.015625269201503738e-04,8.274733657515866980e-01,9.929700205423728221e-01,1.930974910582415258e-06,2.936694054509760531e-06
2.544812007837416559e+02,3.053773738996931115e+02,5.947392091150717746e-04,9.044992209746601343e-04,8.274765566721384857e-01,9.929758394899295126e-01,1.930971182147428293e-06,2.936685430363007894e-06
2.553086773404137944e+02,3.063703497391830410e+02,5.966701802972192029e-04,9.074359064050231422e-04,8.274950155062583690e-01,9.929816584119066647e-01,1.930967453282988848e-06,2.936676806488932104e-06
2.561361723559200527e+02,3.073633313975949477e+02,5.986011477505021917e-04,9.103725832115120743e-04,8.274982064671121407e-01,9.929874773080200612e-01,1.930963724655013897e-06,2.936668182221724606e-06
2.569636705623871649e+02,3.083563188749029678e+02,6.005321114751572056e-04,9.133092513937337989e-04,8.275013974188141219e-01,9.929932961787244494e-01,1.930959996263069758e-06,2.936659558448913299e-06
2.577911719598059790e+02,3.093493121710816922e+02,6.024630714714202754e-04,9.162459109521827122e-04,8.275046003894885871e-01,9.930296895027481696e-01,1.931002805390514936e-06,2.936743980885511175e-06
2.586186765601954676e+02,3.103423418605844404e+02,6.043940742768107903e-04,9.191826549330682234e-04,8.275077793327909603e-01,9.930354797438667447e-01,1.930952538989013680e-06,2.936642310338312932e-06
2.594461843395282585e+02,3.113353773403283071e+02,6.063250268157998040e-04,9.221192972434065363e-04,8.275415185025281062e-01,9.930107819421891691e-01,1.930995347965537914e-06,2.936726732551456741e-06
2.602737258580307866e+02,3.123283881222704963e+02,6.082560221637653419e-04,9.250560239759579931e-04,8.275446974682836299e-01,9.930471176666060273e-01,1.930945081772528736e-06,2.936625062208305346e-06
2.611012705554990703e+02,3.133214352399371023e+02,6.101869672455378707e-04,9.279926490381662984e-04,8.275479006736645715e-01,9.930529658067257515e-01,1.930987890598023608e-06,2.936709484198320348e-06
2.619288184561727348e+02,3.143144882057438281e+02,6.121179551361358943e-04,9.309293585223646188e-04,8.275510795441505252e-01,9.930587848870686685e-01,1.930937624613723348e-06,2.936700859960928410e-06
2.627563695357168854e+02,3.153075469906308967e+02,6.140488927607496176e-04,9.338660593823255472e-04,8.275542828077391277e-01,9.930646039417752036e-01,1.930980433288297278e-06,2.936692235552557789e-06
2.635839238185246245e+02,3.163006115945726719e+02,6.159798731940379149e-04,9.368027516178781050e-04,8.275574738804039043e-01,9.931009692276688838e-01,1.930976704831951531e-06,2.936683611638474939e-06
2.644114812924050284e+02,3.172937125638003408e+02,6.179108498988698664e-04,9.397394352295165799e-04,8.275912014377126980e-01,9.930762420640348864e-01,1.930972976168089487e-06,2.936674987553088145e-06
2.652390724938427411e+02,3.182867888058643757e+02,6.198418228750379559e-04,9.426761102170696681e-04,8.275638560563152168e-01,9.931126074778262591e-01,1.930969247296711148e-06,2.936666363518442013e-06
2.660666363498990563e+02,3.192799014133422020e+02,6.217727921223346671e-04,9.456127765805881101e-04,8.275975837132136803e-01,9.931184563805572907e-01,1.930965518883625068e-06,2.936750783404562699e-06
2.668942339336122700e+02,3.202730198697227593e+02,6.237037576412182921e-04,9.485495273639926728e-04,8.276007873176922658e-01,9.931242458072233603e-01,1.931008327223072106e-06,2.936649115327827526e-06
2.677218347209299623e+02,3.212661441155299826e+02,6.256347659684413642e-04,9.514861764793205003e-04,8.276039660490255301e-01,9.931300648875094339e-01,1.930958061345023659e-06,2.936640491445186539e-06
2.685494386869789878e+02,3.222592741804174921e+02,6.275657240297863879e-04,9.544228169707656868e-04,8.276376939726901583e-01,9.931359139897608657e-01,1.930954332975088825e-06,2.936724910663438687e-06
2.693770763809516779e+02,3.232524100944072529e+02,6.294966783627614767e-04,9.573595418814291255e-04,8.276103609350116130e-01,9.931417332029468525e-01,1.930997141088046029e-06,2.936716286335515867e-06
2.702046867418866896e+02,3.242455518276101998e+02,6.314276755038495227e-04,9.602962581677646414e-04,8.276440764299195507e-01,9.931475221586083535e-01,1.930946875522898329e-06,2.936614619554510711e-06
2.710323308183166091e+02,3.252386993497688081e+02,6.333586223793724211e-04,9.632328727873191521e-04,8.276472802983221300e-01,9.931839185236412959e-01,1.930989683706762355e-06,2.936699038105002740e-06
2.718599780986149312e+02,3.262318832682924494e+02,6.352896120630791834e-04,9.661695718254241548e-04,8.276504589090905029e-01,9.931591906863559416e-01,1.930939418572042918e-06,2.936690413929193486e-06
2.726876285575240217e+02,3.272250424589788054e+02,6.372205514816512264e-04,9.691062622393533483e-04,8.276536628358144299e-01,9.931955570395416544e-01,1.930982226161330473e-06,2.936681789803799632e-06
2.735152822203598362e+02,3.282182380160183470e+02,6.391515337078125568e-04,9.720429440291571480e-04,8.276568541099891263e-01,9.932013763039435617e-01,1.930978497698045832e-06,2.936673165951082624e-06
2.743429390744698253e+02,3.292114393923222906e+02,6.410825122055106027e-04,9.749796171951082306e-04,8.276600453749551889e-01,9.932072262351425707e-01,1.930974769027244894e-06,2.936757582842962171e-06
2.751705991198447805e+02,3.302046466185574332e+02,6.430134869745378476e-04,9.779163747779511928e-04,8.276937738908713982e-01,9.932130148478108822e-01,1.930971040370972266e-06,2.936655917458843093e-06
2.759982928937356519e+02,3.311978596334052440e+02,6.449444580149088198e-04,9.808530306954100358e-04,8.276969652550860701e-01,9.932188340352468003e-01,1.930967311728902687e-06,2.936647293757914390e-06
2.768259898589907380e+02,3.321910784674404908e+02,6.468754253266377225e-04,9.837896779891679502e-04,8.277001566100352647e-01,9.932552318567218208e-01,1.930963582879533652e-06,2.936731709982142238e-06
2.776536900156007732e+02,3.331843336992972127e+02,6.488063889095172562e-04,9.867264096991500925e-04,8.277033479560031992e-01,9.932304725149379010e-01,1.930959854488240035e-06,2.936630045569359887e-06
2.784813933635567764e+02,3.341775641718121506e+02,6.507373487640054962e-04,9.896630397447194524e-04,8.277065522817679266e-01,9.932668706486538213e-01,1.931002661591588176e-06,2.936714461792286693e-06
2.793090999158385443e+02,3.351708310424608044e+02,6.526683514255970844e-04,9.925997542065117391e-04,8.277097306581708835e-01,9.932726900971715622e-01,1.930952397215268158e-06,2.936705837525621296e-06
2.801368096464967152e+02,3.361641037325579759e+02,6.545993038228123525e-04,9.955364600440373603e-04,8.277434726563797085e-01,9.932785095199392345e-01,1.930995204167586937e-06,2.936697213088085637e-06
2.809645531191530949e+02,3.371573822420779152e+02,6.565302990269799395e-04,9.984731572571254460e-04,8.277466510552358159e-01,9.932843289170705248e-01,1.930944939999867417e-06,2.936688589144729328e-06
2.817922997702083308e+02,3.381506665709949857e+02,6.584612439669798069e-04,1.001409845846270175e-03,8.277498556158207066e-01,9.932901482886791200e-01,1.930987746801373674e-06,2.936679964808241311e-06
2.826200496258241515e+02,3.391439567192836648e+02,6.603922317137811806e-04,1.004346525811078417e-03,8.277530471008276436e-01,9.932959676345944899e-01,1.930984018094794065e-06,2.936671340966149485e-06
2.834478026729249791e+02,3.401372526869182593e+02,6.623232157318759746e-04,1.007283197152044566e-03,8.277562253566657091e-01,9.933017869548166345e-01,1.930933754239975292e-06,2.936662716952970556e-06
2.842755588982816448e+02,3.411305544738730759e+02,6.642541494861159499e-04,1.010219859868997537e-03,8.277594300047894649e-01,9.933381865449746329e-01,1.930976560814883294e-06,2.936747130849416340e-06
2.851033183282864343e+02,3.421238926604180506e+02,6.661851260469308332e-04,1.013156606999846953e-03,8.277931594295750983e-01,9.933134257001938749e-01,1.930972832151671773e-06,2.936645468583354290e-06
2.859311114877160094e+02,3.431172060861182445e+02,6.681160988790825050e-04,1.016093252468430307e-03,8.277658129691758404e-01,9.933498256027064599e-01,1.930969103502880140e-06,2.936729882256454427e-06
2.867588773006851852e+02,3.441105559117209509e+02,6.700470679825853851e-04,1.019029982350686762e-03,8.277995558671591425e-01,9.933556131092586838e-01,1.931011909671754428e-06,2.936628220860139360e-06
2.875866768565523444e+02,3.451039115248302096e+02,6.719780798922571395e-04,1.021966610571546901e-03,8.278027340791709321e-01,9.933614646474779875e-01,1.930961646158350919e-06,2.936712633866238320e-06
2.884144795906315153e+02,3.460972729894776876e+02,6.739090415384154905e-04,1.024903323205413139e-03,8.278059256174969960e-01,9.933672841774523476e-01,1.930957917552710533e-06,2.936704009610414945e-06
2.892422855162490123e+02,3.470906402736551399e+02,6.758399994559682010e-04,1.027840027215023554e-03,8.278091171464438958e-01,9.933731036817903259e-01,1.930954188961381615e-06,2.936695385405332231e-06
2.900700946333954562e+02,3.480840133773369303e+02,6.777709536449295826e-04,1.030776722600428887e-03,8.278428605146928021e-01,9.934094722851796178e-01,1.930996994828630860e-06,2.936686761250773339e-06
2.908979374939101490e+02,3.490774228496221099e+02,6.797019506397582135e-04,1.033713409361679660e-03,8.278460386540018590e-01,9.933847427033128952e-01,1.930946731732103086e-06,2.936678137146955109e-06
2.917257835325641508e+02,3.500708075923254228e+02,6.816328973714903166e-04,1.036650087498826615e-03,8.278187054386876298e-01,9.934211114345998794e-01,1.930989537448431388e-06,2.936669513093877540e-06
2.925536022380028385e+02,3.510642287037600227e+02,6.835638869089387479e-04,1.039586757011920493e-03,8.278524355053491490e-01,9.934269310157333166e-01,1.930985808735129726e-06,2.936660889091540633e-06
2.933814546735081876e+02,3.520576556347757560e+02,6.854948727176738777e-04,1.042523417901012033e-03,8.278556135015264772e-01,9.934327505711735284e-01,1.930935545951394279e-06,2.936652265139510706e-06
2.942093102870097141e+02,3.530510883853469295e+02,6.874258082636252720e-04,1.045460070166151544e-03,8.278893574283756607e-01,9.934386030049608962e-01,1.930978351663168932e-06,2.936736675818694964e-06
2.950371996444380898e+02,3.540445269883518904e+02,6.893567866152884409e-04,1.048396806841970239e-03,8.278620105306799815e-01,9.934443896973448318e-01,1.930974622771190752e-06,2.936635017114453891e-06
2.958650616549687697e+02,3.550379713780492352e+02,6.912877612380596316e-04,1.051333441859084693e-03,8.278957409139593437e-01,9.934502422641457997e-01,1.930970894115243384e-06,2.936719427570509341e-06
2.966929573958827291e+02,3.560314216203133810e+02,6.932187321321748750e-04,1.054270161286655202e-03,8.278683938798963027e-01,9.934560619013268479e-01,1.930967165473932746e-06,2.936710803052959562e-06
2.975208257897626254e+02,3.570248776822147079e+02,6.951496992976488078e-04,1.057206872089708162e-03,8.279021243624811177e-01,9.934924314439967930e-01,1.930963436846933577e-06,2.936702178807761368e-06
2.983487279141251065e+02,3.580183701136587047e+02,6.970806627344957413e-04,1.060143574268515923e-03,8.279053300145164940e-01,9.934677011885355569e-01,1.931006242001753574e-06,2.936693554835348441e-06
2.991766332441396230e+02,3.590118378148472402e+02,6.990116689764974949e-04,1.063080267823351271e-03,8.279085078715979762e-01,9.935040708592168812e-01,1.930955979546206125e-06,2.936684930470020646e-06
3.000045417520112210e+02,3.600053418857064571e+02,7.009426249560437010e-04,1.066016952753821292e-03,8.279422386211194862e-01,9.935098905731365448e-01,1.930952250962575042e-06,2.936676306598438521e-06
3.008324839906323405e+02,3.609988517762795937e+02,7.028735772070062761e-04,1.068953629060419731e-03,8.279149053914807155e-01,9.935157102613629831e-01,1.930995055890796785e-06,2.936667682334375210e-06
3.016603988960238212e+02,3.619923674865409566e+02,7.048045722628970729e-04,1.071890296742754106e-03,8.279486363172736674e-01,9.935215299240667264e-01,1.930991326934308576e-06,2.936659058342663484e-06
3.024883475323410948e+02,3.629858890164650234e+02,7.067355635898313814e-04,1.074826955801096769e-03,8.279518141014250432e-01,9.935579338552429363e-01,1.930941065117789887e-06,2.936743466471587391e-06
3.033162993464425199e+02,3.639794469503202663e+02,7.086665046549491713e-04,1.077763699267568357e-03,8.279550200464882437e-01,9.935331693542934772e-01,1.930983869819847057e-06,2.936641810459853993e-06
3.041442543664890081e+02,3.649729801196745598e+02,7.105974885247690184e-04,1.080700341078028211e-03,8.279582119163819698e-01,9.935390229495624226e-01,1.930980140906401674e-06,2.936726217699732119e-06
3.049722125784053901e+02,3.659665191426241222e+02,7.125284686656754201e-04,1.083637067295727943e-03,8.279614037770670620e-01,9.935753593301228648e-01,1.930976412229312364e-06,2.936624562557745705e-06
3.058001739821824572e+02,3.669600945019542451e+02,7.144594450779047324e-04,1.086573691858285689e-03,8.279951350692158485e-01,9.935812132375758665e-01,1.930972683788470708e-06,2.936708969574495023e-06
3.066281691172516730e+02,3.679536757151918209e+02,7.163904177616932031e-04,1.089510400827860184e-03,8.279677875297011269e-01,9.935870331099181385e-01,1.930968954918393411e-06,2.936700345118311087e-06
3.074561369047813741e+02,3.689472627483017391e+02,7.183213867166115965e-04,1.092447101172978495e-03,8.280015189212690530e-01,9.935928529566808720e-01,1.930965226506283113e-06,2.936691721156740181e-06
3.082841384237026432e+02,3.699408556012584199e+02,7.202523519431178797e-04,1.095383792894135235e-03,8.280047108626718000e-01,9.935986727778072236e-01,1.930961497664828753e-06,2.936683097023648492e-06
3.091121431345653150e+02,3.709344542740362272e+02,7.221833134407827084e-04,1.098320475991158883e-03,8.280079027950932868e-01,9.936044925733540367e-01,1.930957769059838888e-06,2.936674472941514305e-06
3.099401510373604083e+02,3.719280587666095812e+02,7.241142712098425473e-04,1.101257150464100398e-03,8.280416489037634165e-01,9.936408636186797594e-01,1.931000572978451568e-06,2.936665848909687099e-06
3.107681926862641717e+02,3.729216996302282610e+02,7.260452717828209989e-04,1.104193816313010085e-03,8.280142867293989184e-01,9.936161321769532151e-01,1.930950311802913204e-06,2.936657224706989630e-06
3.115962069729935706e+02,3.739153157624052142e+02,7.279762220946239121e-04,1.107130473537717074e-03,8.280480330143973333e-01,9.936525381891101460e-01,1.930993115570713362e-06,2.936741630063391742e-06
3.124242550060079679e+02,3.749089683005943243e+02,7.299072152101946254e-04,1.110067215167780466e-03,8.280206706266994843e-01,9.936277717702068912e-01,1.930942854603667075e-06,2.936639976623819578e-06
3.132522756766346674e+02,3.759025960723645312e+02,7.318381580647982925e-04,1.113003855144404286e-03,8.280544170879693411e-01,9.936641780946615654e-01,1.930985658220546290e-06,2.936724381535048278e-06
3.140803300937226368e+02,3.768962602504591928e+02,7.337691437230188388e-04,1.115940579525939334e-03,8.280576091596003607e-01,9.936699980997900639e-01,1.930981929522206618e-06,2.936715756988441881e-06
3.149083877028822371e+02,3.778899302485589828e+02,7.357001256525410454e-04,1.118877295282927776e-03,8.280608012219090597e-01,9.936757828720033103e-01,1.930978200616133809e-06,2.936614104963970392e-06
3.157364485041041462e+02,3.788836060314309861e+02,7.376311038531571792e-04,1.121813909387891746e-03,8.280945334228135835e-01,9.937121898439045253e-01,1.930974472168570100e-06,2.936698508764108706e-06
3.165645430375269598e+02,3.798773182212748907e+02,7.395620783253257493e-04,1.124750607896655855e-03,8.280671853779040248e-01,9.936874579590835310e-01,1.930970743291445489e-06,2.936689884591335217e-06
3.173926102229048638e+02,3.808710056792339742e+02,7.414930490686171948e-04,1.127687297781247190e-03,8.281009176781708447e-01,9.937238299436899069e-01,1.930967014872396297e-06,2.936681260469085550e-06
3.182207111405830346e+02,3.818647295091776641e+02,7.434240160834895911e-04,1.130623979041716276e-03,8.281041098214245721e-01,9.936990978283688492e-01,1.930963286246047649e-06,2.936672636397793384e-06
3.190488152504044592e+02,3.828584286070060330e+02,7.453549793697356388e-04,1.133560651678114069e-03,8.281073019554696657e-01,9.937355056089813843e-01,1.930959557412182705e-06,2.936757038982757903e-06
3.198769225523599289e+02,3.838521641126150143e+02,7.472859389271478215e-04,1.136497408717096827e-03,8.281104940802492820e-01,9.937412900382014413e-01,1.930955829036501599e-06,2.936655388133561570e-06
3.207050330464401782e+02,3.848459054026532158e+02,7.492168947561843231e-04,1.139434064105230389e-03,8.281442416471236356e-01,9.937471100175798711e-01,1.930998631572648089e-06,2.936646764213840868e-06
3.215331772880873018e+02,3.858396525126707957e+02,7.511478933877569712e-04,1.142370710869444229e-03,8.281168783993280158e-01,9.937529659155757145e-01,1.930948371572710140e-06,2.936731166131370530e-06
3.223612941664866298e+02,3.868334054785863714e+02,7.530788417593296813e-04,1.145307442035575600e-03,8.281506261425874982e-01,9.937587499915139233e-01,1.930991174179871872e-06,2.936629516253619343e-06
3.231894447926292173e+02,3.878271642285778853e+02,7.550098329335095532e-04,1.148244071551829219e-03,8.281232777470677320e-01,9.937951587320412727e-01,1.930987445460173417e-06,2.936713917726192433e-06
3.240175680703762850e+02,3.888209593873099266e+02,7.569408203789697266e-04,1.151180785469555412e-03,8.281569955356076207e-01,9.937704261731710176e-01,1.930937185772919375e-06,2.936705293240951878e-06
3.248457250659118927e+02,3.898147298134830976e+02,7.588717575647426460e-04,1.154117490762796364e-03,8.281907436610822515e-01,9.938067990973991073e-01,1.930979988153808113e-06,2.936696669250107514e-06
3.256739158095729749e+02,3.908085366125804967e+02,7.608027375528964541e-04,1.157054187432046471e-03,8.281633951788194281e-01,9.938126192865297526e-01,1.930976259477260905e-06,2.936688045088176047e-06
3.265020792047517944e+02,3.918023492318670264e+02,7.627337138123737150e-04,1.159990875477134647e-03,8.281665874244481529e-01,9.938184394499103291e-01,1.930972530815133585e-06,2.936679420754940636e-06
3.273302457921762425e+02,3.927961676713169368e+02,7.646646863431888486e-04,1.162927554897889588e-03,8.282003206334707102e-01,9.938242595877682106e-01,1.930968802167534575e-06,2.936670796916318257e-06
3.281584461128097132e+02,3.937899919309047050e+02,7.665956551453563831e-04,1.165864225694805906e-03,8.282035129783480443e-01,9.938300796998191800e-01,1.930965073312202428e-06,2.936662172684130490e-06
3.289866496257880613e+02,3.947838220106045242e+02,7.685266202186685856e-04,1.168800887867490037e-03,8.282067053141872748e-01,9.938359365599467310e-01,1.930961344915270959e-06,2.936746572052917684e-06
3.298148563311022485e+02,3.957776579471644709e+02,7.704575815635838565e-04,1.171737634439542954e-03,8.282099130134952247e-01,9.938417199395530588e-01,1.931004146441808386e-06,2.936644924764674966e-06
3.306430662441157438e+02,3.967714996671040240e+02,7.723885857100256649e-04,1.174674279364307629e-03,8.282130899962112380e-01,9.938781304484223256e-01,1.930953887630698119e-06,2.936729323466460984e-06
3.314712793341119550e+02,3.977653777975524463e+02,7.743195395976563630e-04,1.177611008687774090e-03,8.282162977540110660e-01,9.938839137718105121e-01,1.930996689006423024e-06,2.936627676825920644e-06
3.322994956318659661e+02,3.987592617113242568e+02,7.762505362866627861e-04,1.180547636364600011e-03,8.282500159675691975e-01,9.938592173817824005e-01,1.930946430403913255e-06,2.936712075082750090e-06
3.331277456478335353e+02,3.997531209287060392e+02,7.781814827170666993e-04,1.183484348439682761e-03,8.282532239017541542e-01,9.938955913092399896e-01,1.930989231628608797e-06,2.936703450830179321e-06
3.339559988717352894e+02,4.007470165200152792e+02,7.801124719486953081e-04,1.186421051890512940e-03,8.282564163766892307e-01,9.939014116054636361e-01,1.930985502916391337e-06,2.936694826628349214e-06
3.347842552881119786e+02,4.017409179316207428e+02,7.820434574516116994e-04,1.189357746717141289e-03,8.282596088423588299e-01,9.939377858401030608e-01,1.930981774218702186e-06,2.936686202477042928e-06
3.356125148969543375e+02,4.027348557174608459e+02,7.839744392258304016e-04,1.192294432919618332e-03,8.282628012989334820e-01,9.939130522106438548e-01,1.930978045535216084e-06,2.936677578376694145e-06
3.364407776982532710e+02,4.037287687696714897e+02,7.859054172713656177e-04,1.195231110497995027e-03,8.282659623848189767e-01,9.939188724300720423e-01,1.930881257819678544e-06,2.936668954326869183e-06
3.372690436606380899e+02,4.047226876421015618e+02,7.878362985291852963e-04,1.198167779452321896e-03,8.282997277871118058e-01,9.939552468566148491e-01,1.930970588391264266e-06,2.936660330327351201e-06
3.380973433884252017e+02,4.057166428889581766e+02,7.897672691175765605e-04,1.201104439782649247e-03,8.282724101098324354e-01,9.939305506682103442e-01,1.931059918438204556e-06,2.936744726480177911e-06
3.389256157985350342e+02,4.067105734396263870e+02,7.916983290360147651e-04,1.204041184509129425e-03,8.283061128889812608e-01,9.939668875281881810e-01,1.930963130945578983e-06,2.936643082207968797e-06
3.397539219114240154e+02,4.077045403271545752e+02,7.936292921669603441e-04,1.206977827591337394e-03,8.283093054171217773e-01,9.939727457952471923e-01,1.930959402334083905e-06,2.936727477915405254e-06
3.405822312168411372e+02,4.086985130729498223e+02,7.955602515692944280e-04,1.209914555069252799e-03,8.283124979359968165e-01,9.939785281867443700e-01,1.930955673737117136e-06,2.936625834290898518e-06
3.414105437147771340e+02,4.096924916011365667e+02,7.974912072430315451e-04,1.212851180903543697e-03,8.283462324201309457e-01,9.939843865869875117e-01,1.930951945154570255e-06,2.936710229774989328e-06
3.422388899471972650e+02,4.106864759877235542e+02,7.994221591881861154e-04,1.215787891133318687e-03,8.283188830048402451e-01,9.940207617607939028e-01,1.930948216586334844e-06,2.936701605311866498e-06
3.430672088302021052e+02,4.116804967494843481e+02,8.013531074047724502e-04,1.218724592738630553e-03,8.283526495646924559e-01,9.939960274576833399e-01,1.931037545419510802e-06,2.936692981342489336e-06
3.438955614797667977e+02,4.126744927769420315e+02,8.032841449501919610e-04,1.221661285719973043e-03,8.283558102650090404e-01,9.940018478097272236e-01,1.930940759313362967e-06,2.936684356980197308e-06
3.447239172900318067e+02,4.136684946247517587e+02,8.052150857095053240e-04,1.224597970076953240e-03,8.283590028555636309e-01,9.940382231758349008e-01,1.930937030788387222e-06,2.936675732890690546e-06
3.455522762928873703e+02,4.146625328479275936e+02,8.071460227402937112e-04,1.227534645809843930e-03,8.283622276437654364e-01,9.940440436558901638e-01,1.931026359347693712e-06,2.936667109073535370e-06
3.463806385205311358e+02,4.156565768915834838e+02,8.090770490996414049e-04,1.230471312918917466e-03,8.283653880856149954e-01,9.940498641103090449e-01,1.930929573601826259e-06,2.936658484863248486e-06
3.472090039086167508e+02,4.166506267556937928e+02,8.110079786732432312e-04,1.233407971403780714e-03,8.283686130092178246e-01,9.940557233393860770e-01,1.931018901608623321e-06,2.936742878243770241e-06
3.480373725216259686e+02,4.176446824790331789e+02,8.129389975748518545e-04,1.236344714282024485e-03,8.284023157247020208e-01,9.940615050344945303e-01,1.930922116472944851e-06,2.936641236765116444e-06
3.488657748373506706e+02,4.186387439840676734e+02,8.148699196913247993e-04,1.239281355518789601e-03,8.284055409015422811e-01,9.940673643964714756e-01,1.931011444149168671e-06,2.936725629700681628e-06
3.496941803782522129e+02,4.196328113484641449e+02,8.168009311354739680e-04,1.242218081148490283e-03,8.284087011165865988e-01,9.941037014334597188e-01,1.930914659401634578e-06,2.936623989091774814e-06
3.505225890793687995e+02,4.206269150498976046e+02,8.187318457948756026e-04,1.245154705137582057e-03,8.284119264287141959e-01,9.940790054406534182e-01,1.931003986969112921e-06,2.936708381138511056e-06
3.513510010057975137e+02,4.216209940553382580e+02,8.206628497818447155e-04,1.248091413518720568e-03,8.284151192168565103e-01,9.941153816821497458e-01,1.931000257978038662e-06,2.936699757129452096e-06
3.521794161250143702e+02,4.226151094370204078e+02,8.225938500398227542e-04,1.251028113275850021e-03,8.284182791734906459e-01,9.941212023206276172e-01,1.930903473812829556e-06,2.936691132949522873e-06
3.530078344041878609e+02,4.236092306393410354e+02,8.245247535136355837e-04,1.253964804408799543e-03,8.284520474880991969e-01,9.941270229335827935e-01,1.930992800884393824e-06,2.936682508819683790e-06
3.538362864516759601e+02,4.246033576622746182e+02,8.264557463145199775e-04,1.256901486917619227e-03,8.284246975078985997e-01,9.941328435207879011e-01,1.930989071936579232e-06,2.936673884741019050e-06
3.546647111491838587e+02,4.255974905057954061e+02,8.283867353864565568e-04,1.259838160802360246e-03,8.284584331764222043e-01,9.941386640822997833e-01,1.930985343224903873e-06,2.936665260491267207e-06
3.554931695823602809e+02,4.265916291698777059e+02,8.303177207296814607e-04,1.262774826062851513e-03,8.284616260363577567e-01,9.941445243397879494e-01,1.930981614749693008e-06,2.936749651321745452e-06
3.563216312083966386e+02,4.275857736942174938e+02,8.322487023444311537e-04,1.265711575714173259e-03,8.284953619220800647e-01,9.941503052207849578e-01,1.930977885844921242e-06,2.936648012313554726e-06
3.571501265703187187e+02,4.285799239994382788e+02,8.341796802302760749e-04,1.268648223726486814e-03,8.284680117870948379e-01,9.941867219949926948e-01,1.930974157398441735e-06,2.936732402699293240e-06
3.579785945821058135e+02,4.295741107214332715e+02,8.361106543876745166e-04,1.271584956129186107e-03,8.284712046190634283e-01,9.941925028197147185e-01,1.930970428522618167e-06,2.936630764338588051e-06
3.588070657867248769e+02,4.305683032242529862e+02,8.380416248161971348e-04,1.274521586893524695e-03,8.285049406539428674e-01,9.941678069594104272e-01,1.930966699883042252e-06,2.936715154279369994e-06
3.596355707273788198e+02,4.315624710312123966e+02,8.399725915160801771e-04,1.277458302047804065e-03,8.285081335854442841e-01,9.942041842039657240e-01,1.930962971479605571e-06,2.936706529786973704e-06
3.604640788609642641e+02,4.325566752154163623e+02,8.419035544875597826e-04,1.280395008577591039e-03,8.285113265075665367e-01,9.942099646755764297e-01,1.930959242647041670e-06,2.936604892841369191e-06
3.612925901874718306e+02,4.335508851800919388e+02,8.438345137302068243e-04,1.283331613470432408e-03,8.285145194204801555e-01,9.942463824094716074e-01,1.930955514272444766e-06,2.936689281670843907e-06
3.621211047068923108e+02,4.345451315625014104e+02,8.457654692444792691e-04,1.286268302752103252e-03,8.285177123241282970e-01,9.942216463615523026e-01,1.930951785468612222e-06,2.936680657552497367e-06
3.629496224192164391e+02,4.355393532088629627e+02,8.476964210299478813e-04,1.289204983409655749e-03,8.285514825472546363e-01,9.942275075808311158e-01,1.931041110197432437e-06,2.936765045612622221e-06
3.637781739017636937e+02,4.365335807164437938e+02,8.496274621401453137e-04,1.292141748455268371e-03,8.285240982395976062e-01,9.942638448662819428e-01,1.930944328168210031e-06,2.936663409193939964e-06
3.646066980000032913e+02,4.375278445613100757e+02,8.515584064683135238e-04,1.295078411864462311e-03,8.285578347400814891e-01,9.942696656630687357e-01,1.930940599851075842e-06,2.936654785227164888e-06
3.654352558347433728e+02,4.385221142269731445e+02,8.534893470681645996e-04,1.298015066649689476e-03,8.285610617772363184e-01,9.942449699809117192e-01,1.931029923640543294e-06,2.936739172620071725e-06
3.662638168965206091e+02,4.395163591969540562e+02,8.554203769918051429e-04,1.300951805822309548e-03,8.285642207768546541e-01,9.942813071820637560e-01,1.930933142637084564e-06,2.936637537172834614e-06
3.670923811172974638e+02,4.405106405041361199e+02,8.573513101344422275e-04,1.303888443359482383e-03,8.285674137428600261e-01,9.942871689129901824e-01,1.930929413919662933e-06,2.936721923898740275e-06
3.679209485310403238e+02,4.415049276730491101e+02,8.592822395483618904e-04,1.306825165283381123e-03,8.286011848433076921e-01,9.942929486882121637e-01,1.931018737656871841e-06,2.936620289542644230e-06
3.687495497158836315e+02,4.424992206217373223e+02,8.612132582860187622e-04,1.309761785572923767e-03,8.285738341434125687e-01,9.943293681905061021e-01,1.931015008830596312e-06,2.936704675601982395e-06
3.695781235500270441e+02,4.434935499899278284e+02,8.631442732948493585e-04,1.312698490248525749e-03,8.286075367763032773e-01,9.943046314688785969e-01,1.930918228159879228e-06,2.936696051614607478e-06
3.704067310868033474e+02,4.444878546213967070e+02,8.650751915230092378e-04,1.315635186300140357e-03,8.286107643374407417e-01,9.943410100880214486e-01,1.931007551401174062e-06,2.936687427234534534e-06
3.712353418511407881e+02,4.454821956314847284e+02,8.670061990744104118e-04,1.318571873727374891e-03,8.286139229379045901e-01,9.943162731357801931e-01,1.930910771118601356e-06,2.936678803348640940e-06
3.720639557740786927e+02,4.464765119046205086e+02,8.689371098455290132e-04,1.321508552530723532e-03,8.286171506342157045e-01,9.943526518831049543e-01,1.931000094029431367e-06,2.936670179291443403e-06
3.728925729247129084e+02,4.474708645565036136e+02,8.708681099395584446e-04,1.324445222710014976e-03,8.286203438072448080e-01,9.943585144428084277e-01,1.930996365275146863e-06,2.936754563913780008e-06
3.737211932685201532e+02,4.484652230709464220e+02,8.727991063048335914e-04,1.327381977273928756e-03,8.286540812436555825e-01,9.943642937571439688e-01,1.930992636535499088e-06,2.936652930834440442e-06
3.745498473497638088e+02,4.494595873647035660e+02,8.747300989413690905e-04,1.330318630204763196e-03,8.286572396173710331e-01,9.943701146098646859e-01,1.930895857029106717e-06,2.936644307151075814e-06
3.753785045893811798e+02,4.504539574793134307e+02,8.766609947983981972e-04,1.333255274511914272e-03,4.519934715391400459e-01,5.423972986744161062e-01,1.053332778581917394e-06,1.601878448247683051e-06
