Sigma_1,Sigma_2,Epsilon_1,Epsilon_2,dSigma_1,dSigma_2,dEpsilon_1,dEpsilon_2
-0.000000000000000000e+00,-0.000000000000000000e+00,0.000000000000000000e+00,0.000000000000000000e+00,1.650001899784221404e-01,9.899998596359894654e-01,-9.654815698090274930e-07,4.063072014390910390e-06
1.650001899784221404e-01,9.899998596359894654e-01,-9.654815698090274930e-07,4.063072014390910390e-06,1.650018681178652136e-01,9.900124345283153326e-01,-9.654897780472755430e-07,4.063099161294725042e-06
3.300020580962873540e-01,1.980012294164304798e+00,-1.930971347856303036e-06,8.126171175685635432e-06,1.650025329775132721e-01,9.900153533674793671e-01,-9.654857078723158647e-07,4.063086290521469201e-06
4.950045910738006261e-01,2.970027647531784165e+00,-2.896457055728618901e-06,1.218925746620710463e-05,1.650036150645282640e-01,9.900214908580444728e-01,-9.654857306486769096e-07,4.063085788853758193e-06
6.600082061383288901e-01,3.960049138389828638e+00,-3.861942786377295810e-06,1.625234325506086283e-05,1.650045481364322830e-01,9.900273899004479183e-01,-9.654859350575667113e-07,4.063085286903046702e-06
8.250127542747611731e-01,4.950076528290276556e+00,-4.827428721434862522e-06,2.031542854196390953e-05,1.650056600182282507e-01,9.900340041970228100e-01,-9.654854121548320426e-07,4.063086240136239494e-06
9.900184142929894238e-01,5.940110532487299366e+00,-5.792914133589694564e-06,2.437851478210014902e-05,1.650066526863954719e-01,9.900396647573836972e-01,-9.654859804952693500e-07,4.063084283256912673e-06
1.155025066979384896e+00,6.930150197244683064e+00,-6.758400114084963914e-06,2.844159906535706169e-05,1.650075857472590446e-01,9.900462790112314337e-01,-9.654858211906624905e-07,4.063085236134331298e-06
1.320032652726643940e+00,7.920196476255914497e+00,-7.723885935275626405e-06,3.250468430149139299e-05,1.650086976174969244e-01,9.900519395412858970e-01,-9.654852981724704549e-07,4.063086189377126056e-06
1.485041350344140865e+00,8.910248415797200394e+00,-8.689371233448096860e-06,3.656777049086851905e-05,1.650098094814489436e-01,9.900580769016418259e-01,-9.654862304462547896e-07,4.063087142319190236e-06
1.650051159825589808e+00,9.900306492698842220e+00,-9.654857463894351649e-06,4.063085763318770928e-05,1.650106829273905173e-01,9.900642142098821097e-01,-9.654857073150185839e-07,4.063085184974002070e-06
1.815061842752980326e+00,1.089037070690872433e+01,-1.062034317120937023e-05,4.469394281816171135e-05,1.650117947859555123e-01,9.900713052444487516e-01,-9.654851841813683343e-07,4.063086137782343464e-06
1.980073637538935838e+00,1.188044201215317308e+01,-1.158582835539073857e-05,4.875702895594405482e-05,1.650126682234871467e-01,9.900764887833872763e-01,-9.654853889166550824e-07,4.063084180327061344e-06
2.145086305762422985e+00,1.287051850093656036e+01,-1.255131374430739365e-05,5.282011313627111616e-05,1.650137800728233017e-01,9.900826260505386500e-01,-9.654855933185598269e-07,4.063085133223704229e-06
2.310100085835246286e+00,1.386060112698709901e+01,-1.351679933762595348e-05,5.688319826949482039e-05,1.650148919161114058e-01,9.900887632972636965e-01,-9.654865255929150617e-07,4.063086085597578708e-06
2.475114977751357692e+00,1.485068989028436270e+01,-1.448228586321886854e-05,6.094628435509239910e-05,1.650157653437425154e-01,9.900949005235766265e-01,-9.654860024552261590e-07,4.063087038336849648e-06
2.640130743095100208e+00,1.584078479080793933e+01,-1.544777186567409470e-05,6.500937139342924875e-05,1.650168771828446346e-01,9.901010377294614528e-01,-9.654854794261421267e-07,4.063087990775383234e-06
2.805147620277944842e+00,1.683088582853740078e+01,-1.641325734510023682e-05,6.907245938420463198e-05,1.650179890180627496e-01,9.901081285552706390e-01,-9.654849563946474387e-07,4.063083122883648997e-06
2.970165609296007592e+00,1.782099395709267142e+01,-1.737874230149488426e-05,7.313554250708828098e-05,1.650188624306276886e-01,9.901123582206672324e-01,-9.654858885567470911e-07,4.063084075212115734e-06
3.135184471726635280e+00,1.881110631531333865e+01,-1.834422819005163135e-05,7.719862658230039671e-05,1.650199742532540981e-01,9.901204028496373155e-01,-9.654868207206492297e-07,4.063085027461896498e-06
3.300204445979889378e+00,1.980122671816297597e+01,-1.930971501077228058e-05,8.126171160976229321e-05,1.650208476676162661e-01,9.901265399700669434e-01,-9.654848424887026224e-07,4.063085979855035894e-06
3.465225293647505644e+00,2.079135325813304291e+01,-2.027519985326098321e-05,8.532479758961732910e-05,1.650221978959685032e-01,9.901307695509373730e-01,-9.654857746505854344e-07,4.063086931725413660e-06
3.630247491543474148e+00,2.178148402768398029e+01,-2.124068562791156864e-05,8.938788452134274276e-05,1.650228328846945480e-01,9.901388141418934197e-01,-9.654852515016106647e-07,4.063087883961181111e-06
3.795270324428168696e+00,2.277162284182587371e+01,-2.220617087941317931e-05,9.345097240530392388e-05,1.650241831043177676e-01,9.901430435281426412e-01,-9.654861836642795233e-07,4.063083015786537870e-06
3.960294507532486463e+00,2.376176588535401635e+01,-2.317165706307745883e-05,9.751405542109046175e-05,1.650250564989992341e-01,9.901510880822179672e-01,-9.654856607353334201e-07,4.063083967468183143e-06
4.125319564031485697e+00,2.475191697343623431e+01,-2.413714272381279225e-05,1.015771393885586449e-04,1.650261683030826987e-01,9.901553176886856988e-01,-9.654851375819201978e-07,4.063090739799630948e-06
4.290345732334568396e+00,2.574207229112492001e+01,-2.510262786139471245e-05,1.056402301283582758e-04,1.650268032720685341e-01,9.901633620733818475e-01,-9.654860697443756040e-07,4.063085871237859768e-06
4.455372535606636930e+00,2.673223565319830186e+01,-2.606811393113908805e-05,1.097033159995961356e-04,1.650283918863664212e-01,9.901675913123604289e-01,-9.654870019086233320e-07,4.063081002890394700e-06
4.620400927493003351e+00,2.772240324451066229e+01,-2.703360093304771138e-05,1.137663970024865303e-04,1.650290268609913014e-01,9.901756359713154154e-01,-9.654850235435231455e-07,4.063087774740145033e-06
4.785429954353994653e+00,2.871257888048197771e+01,-2.799908595659123453e-05,1.178294847772266753e-04,1.650301386427734940e-01,9.901817727235489031e-01,-9.654859558167806256e-07,4.063082906060588840e-06
4.950460092996768147e+00,2.970276065320552661e+01,-2.896457191240801515e-05,1.218925676832872642e-04,1.650312504348372400e-01,9.901860022064177258e-01,-9.654839774440435900e-07,4.063089677705682460e-06
5.115491343431605387e+00,3.069294665541194433e+01,-2.993005588985205874e-05,1.259556573609929466e-04,1.650318853705741162e-01,9.901940464874172676e-01,-9.654878201438327374e-07,4.063084809138097246e-06
5.280523228802179503e+00,3.168314070189936160e+01,-3.089554370999589148e-05,1.300187421701310439e-04,1.650334739772754133e-01,9.902001835298221977e-01,-9.654858417690729872e-07,4.063091580356530206e-06
5.445556702779454916e+00,3.267334088542918380e+01,-3.186102955176496447e-05,1.340818337504875741e-04,1.650341089364220082e-01,9.902025045612887766e-01,-9.654838634987083536e-07,4.063075071932426572e-06
5.610590811715876924e+00,3.366354338999047258e+01,-3.282651341526367282e-05,1.381449088224200007e-04,1.650352206812106814e-01,9.902143647832488682e-01,-9.654877060956846418e-07,4.063093482740000144e-06
5.775626032397087606e+00,3.465375775477372144e+01,-3.379200112135935746e-05,1.422080023051600008e-04,1.650363324545338628e-01,9.902147785109960409e-01,-9.654857278233006817e-07,4.063088614174325836e-06
5.940662364851621469e+00,3.564397253328471749e+01,-3.475748684918265815e-05,1.462710909193343266e-04,1.650374442246933526e-01,9.902266379435218369e-01,-9.654837494332536808e-07,4.063083745156918693e-06
6.105699809076314821e+00,3.663419917122823932e+01,-3.572297059861591183e-05,1.503341746644912453e-04,1.650380791355221533e-01,9.902270515493540870e-01,-9.654875921494718793e-07,4.063078876575767400e-06
6.270737888211836975e+00,3.762442622277759341e+01,-3.668845819076538371e-05,1.543972535410670127e-04,1.650396677175569593e-01,9.902389114023364414e-01,-9.654856137574123281e-07,4.063085647052877124e-06
6.435777555929393934e+00,3.861466513417992985e+01,-3.765394380452279603e-05,1.584603391881198899e-04,1.650403026575597565e-01,9.902431406874541153e-01,-9.654836354697478936e-07,4.063092418046446554e-06
6.600817858586953690e+00,3.960490827486738397e+01,-3.861942743999254393e-05,1.625234316061663364e-04,1.650414143746781193e-01,9.902473694737210508e-01,-9.654874781941653709e-07,4.063087548808919265e-06
6.765859272961631810e+00,4.059515564434110502e+01,-3.958491491818670930e-05,1.665865191549752557e-04,1.650425261260961562e-01,9.902554135472882990e-01,-9.654854997934593074e-07,4.063082679785711641e-06
6.930901799087727966e+00,4.158541105788839332e+01,-4.055040041798016861e-05,1.706496018347609673e-04,1.650431610363352064e-01,9.902596427381240574e-01,-9.654864319566058926e-07,4.063089450297597150e-06
7.095944960124063172e+00,4.257567070062651737e+01,-4.151588684993677450e-05,1.747126912850585645e-04,1.650447495982874102e-01,9.902676867748070322e-01,-9.654844535482562037e-07,4.063084580942325505e-06
7.260989709722350582e+00,4.356593838740132441e+01,-4.248137130348503070e-05,1.787757758660008900e-04,1.650453845011972120e-01,9.902719154022818770e-01,-9.654853858204125411e-07,4.063079711801346420e-06
7.426035094223547794e+00,4.455621030280360628e+01,-4.344685668930544324e-05,1.828388555778022364e-04,1.650464962168651795e-01,9.902799599090883476e-01,-9.654863178723199833e-07,4.063086482053592614e-06
7.591081590440412974e+00,4.554649026271269463e+01,-4.441234300717776323e-05,1.869019420598558290e-04,1.650476079505027727e-01,9.902841884686779395e-01,-9.654843396773683871e-07,4.063081612802594113e-06
7.756129198390915747e+00,4.653677445118137257e+01,-4.537782734685513161e-05,1.909650236726584231e-04,1.650482428198056795e-01,9.902922329616359320e-01,-9.654881822007680054e-07,4.063088382628233857e-06
7.921177441210721426e+00,4.752706668414300850e+01,-4.634331552905589962e-05,1.950281120552866570e-04,1.650498313842501119e-01,9.902964614533544818e-01,-9.654832934164443519e-07,4.063083513267161731e-06
8.086227272594971538e+00,4.851736314559636298e+01,-4.730879882247234397e-05,1.990911955685538187e-04,1.650509430594020444e-01,9.903045053563701572e-01,-9.654871360544712449e-07,4.063078643898418874e-06
8.251278215654373582e+00,4.950766765095273314e+01,-4.827428595852681522e-05,2.031542742124522376e-04,1.650515779638244140e-01,9.903087355200455022e-01,-9.654851577388411706e-07,4.063108691793472071e-06
8.416329793618197996e+00,5.049797638647277864e+01,-4.923977111626565639e-05,2.072173829042457097e-04,1.650522128414859679e-01,9.903167776347956419e-01,-9.654860899013236819e-07,4.063068904773845880e-06
8.581382006459683964e+00,5.148829316410757428e+01,-5.020525720616698007e-05,2.112804518090195555e-04,1.650538013414379890e-01,9.903210077766857466e-01,-9.654870220656154556e-07,4.063098952591703882e-06
8.746435807801121953e+00,5.247861417188426003e+01,-5.117074422823259552e-05,2.153435507616112594e-04,1.650544362626860107e-01,9.903290510067606078e-01,-9.654821331399321676e-07,4.063082443663663078e-06
8.911490244063807964e+00,5.346894322289102064e+01,-5.213622636137252769e-05,2.194066332052749225e-04,1.650560247015953053e-01,9.903332799055064584e-01,-9.654888862829463076e-07,4.063089213042503107e-06
9.076546268765403269e+00,5.445927650279652710e+01,-5.310171524765547400e-05,2.234697224183174256e-04,1.650566596164750877e-01,9.903413230526325606e-01,-9.654839974606484730e-07,4.063072704637616956e-06
9.241602928381878357e+00,5.544961782584915966e+01,-5.406719924511612247e-05,2.275327951229550426e-04,1.650582480980897770e-01,9.903455518834860527e-01,-9.654849296208948173e-07,4.063079473462429675e-06
9.406661176479968134e+00,5.643996337773264571e+01,-5.503268417473701729e-05,2.315958745964174722e-04,1.650579293318923391e-01,9.903535962841800711e-01,-9.654858617829504240e-07,4.063086242803647889e-06
9.571719105811860473e+00,5.743031697401682578e+01,-5.599817003651996771e-05,2.356589608392211201e-04,1.650604714252068561e-01,9.903578250932270066e-01,-9.654867939467949643e-07,4.063093011551265413e-06
9.736779577237067329e+00,5.842067479911005279e+01,-5.696365683046676268e-05,2.397220538507723855e-04,1.650601526525630192e-01,9.903658695030941317e-01,-9.654877261124419907e-07,4.063099780149317247e-06
9.901839729889630348e+00,5.941104066861314692e+01,-5.792914455657920467e-05,2.437851536309217028e-04,1.650626947925104560e-01,9.903700968846962382e-01,-9.654828372598068240e-07,4.063083271658589389e-06
1.006690242468214080e+01,6.040141076549784316e+01,-5.889462739383901149e-05,2.478482369025802922e-04,1.650623759557721115e-01,9.903781398290192328e-01,-9.654895904435192031e-07,4.063066763079932735e-06
1.023196480063791292e+01,6.139178890532686239e+01,-5.986011698428253070e-05,2.519113036656602249e-04,1.650639644693647767e-01,9.903823699539842096e-01,-9.654847014722113324e-07,4.063096808579658072e-06
1.039702876510727769e+01,6.238217127528084660e+01,-6.082560168575474203e-05,2.559744004742398830e-04,1.650645993029726810e-01,9.903904128614300362e-01,-9.654856336338264820e-07,4.063080300113026608e-06
1.056209336441025037e+01,6.337256168814227664e+01,-6.179108731938856851e-05,2.600374807743529096e-04,1.650661877478256656e-01,9.903946415128856984e-01,-9.654865657972305651e-07,4.063087068563518527e-06
1.072715955215807604e+01,6.436295632965516234e+01,-6.275657388518579907e-05,2.641005678429164281e-04,1.650668226365556990e-01,9.904026858581431725e-01,-9.654816769142445139e-07,4.063093836642400151e-06
1.089222637479463174e+01,6.535335901551330551e+01,-6.372205556210004359e-05,2.681636616795588283e-04,1.650684110088320722e-01,9.904030972082438211e-01,-9.654884301238218910e-07,4.063077327977901790e-06
1.105729478580346381e+01,6.634376211272154933e+01,-6.468754399222386548e-05,2.722267390075367301e-04,1.650690458911938663e-01,9.904187729880504776e-01,-9.654835411221834645e-07,4.063084095946845314e-06
1.122236383169465768e+01,6.733418088570959981e+01,-6.565302753334604894e-05,2.762898231034835754e-04,1.650696807069227390e-01,9.904191858140904969e-01,-9.654844733925711971e-07,4.063090863988159333e-06
1.138743351240158042e+01,6.832460007152369030e+01,-6.661851200673862014e-05,2.803529139674717347e-04,1.650712691292941514e-01,9.904272301316581206e-01,-9.654854054427168108e-07,4.063097631879853452e-06
1.155250478153087457e+01,6.931502730165534842e+01,-6.758399741218133695e-05,2.844160115993515882e-04,1.650719039367327667e-01,9.904276412378578698e-01,-9.654863376056736606e-07,4.063081123184563749e-06
1.171757668546760733e+01,7.030545494289320629e+01,-6.854948374978701061e-05,2.884790927225361519e-04,1.650734923489700634e-01,9.904433171139999104e-01,-9.654872698814824039e-07,4.063087890744329373e-06
1.188265017781657740e+01,7.129589826000720620e+01,-6.951497101966849302e-05,2.925421806132804813e-04,1.650741271481219741e-01,9.904437281062712373e-01,-9.654882019370083709e-07,4.063071382350176824e-06
1.204772430496469937e+01,7.228634198811347744e+01,-7.048045922160550139e-05,2.966052519956306581e-04,1.650747620151467032e-01,9.904517740551028737e-01,-9.654833130122398785e-07,4.063101425731696376e-06
1.221279906697984607e+01,7.327679376216858032e+01,-7.144594253461774127e-05,3.006683534213623545e-04,1.650763504150312144e-01,9.904521849174869885e-01,-9.654842450601222202e-07,4.063084917227551517e-06
1.237787541739487729e+01,7.426724594708606730e+01,-7.241142677967786349e-05,3.047314383385899060e-04,1.650769852045907982e-01,9.904678591387465758e-01,-9.654851773318923105e-07,4.063068408635586281e-06
1.254295240259946809e+01,7.525771380622481388e+01,-7.337691195700975580e-05,3.087945067472254923e-04,1.650785735943429700e-01,9.904682733894247804e-01,-9.654861094944154794e-07,4.063098451473866335e-06
1.270803097619381106e+01,7.624818207961423866e+01,-7.434239806650417128e-05,3.128576051986993586e-04,1.650792083756158490e-01,9.904763158543374857e-01,-9.654870415477188319e-07,4.063081942993844974e-06
1.287311018456942691e+01,7.723865839546857615e+01,-7.530788510805189011e-05,3.169206871416932036e-04,1.650798431536575350e-01,9.904767282470601231e-01,-9.654879738248692755e-07,4.063088710106919303e-06
1.303819002772308444e+01,7.822913512371563627e+01,-7.627337308187675938e-05,3.209837758518001229e-04,1.650814316060031928e-01,9.904924024724408582e-01,-9.654830847548854546e-07,4.063072201262172330e-06
1.320327145932908763e+01,7.921962752618807713e+01,-7.723885616663164484e-05,3.250468480530622952e-04,1.650820663776819686e-01,9.904928166635471598e-01,-9.654840168023476679e-07,4.063102243756977136e-06
1.336835352570676960e+01,8.021012034285162429e+01,-7.820434018343399251e-05,3.291099502968192723e-04,1.650836546661622606e-01,9.905008590085770948e-01,-9.654907703228200180e-07,4.063085734802237853e-06
1.353343718037293186e+01,8.120062120186020138e+01,-7.916983095375681252e-05,3.331730360316215102e-04,1.650842895073783012e-01,9.905012693372015065e-01,-9.654858812413707591e-07,4.063069226425649379e-06
1.369852146988031016e+01,8.219112247119740289e+01,-8.013531683499818328e-05,3.372361052580471596e-04,1.650849243482532813e-01,9.905169473914696709e-01,-9.654809921448781950e-07,4.063099268155170082e-06
1.386360639422856345e+01,8.318163941858887256e+01,-8.110079782714306148e-05,3.412992045262023297e-04,1.650865126214977607e-01,9.905173576521377754e-01,-9.654877455653328947e-07,4.063082759224662718e-06
1.402869290685006121e+01,8.417215677624101033e+01,-8.206628557270839437e-05,3.453622872854269924e-04,1.650881009685054579e-01,9.905254018127749305e-01,-9.654886776217804336e-07,4.063089525891099962e-06
1.419378100781856666e+01,8.516268217805378526e+01,-8.303177425033017481e-05,3.494253768113180923e-04,1.650877822046972199e-01,9.905258118974984427e-01,-9.654837886248447340e-07,4.063073017039685146e-06
1.435886879002326388e+01,8.615320798995128371e+01,-8.399725803895501954e-05,3.534884498283577775e-04,1.650893705453384541e-01,9.905338580177271979e-01,-9.654847207847116076e-07,4.063103058203902836e-06
1.452395816056860234e+01,8.714374184796901091e+01,-8.496274275973973115e-05,3.575515528865616803e-04,1.650909588799915895e-01,9.905495322794166668e-01,-9.654856529463403097e-07,4.063086549242549920e-06
1.468904911944859393e+01,8.813429138024842757e+01,-8.592822841268607146e-05,3.616146394358042302e-04,1.650915936172090426e-01,9.905423100318273555e-01,-9.654865851097986030e-07,4.063070040859293602e-06
1.485414071306580297e+01,8.912483369028025493e+01,-8.689371499779587006e-05,3.656777094766635238e-04,1.650922283512041844e-01,9.905579883887583037e-01,-9.654875172750322773e-07,4.063100081258335609e-06
1.501923294141700715e+01,9.011539167866901323e+01,-8.785920251507090234e-05,3.697408095579218595e-04,1.650938167599793616e-01,9.905583981956738171e-01,-9.654826282477660220e-07,4.063083572543150796e-06
1.518432675817698652e+01,9.110595007686468705e+01,-8.882468514331866836e-05,3.738038931304650102e-04,1.650944514876115932e-01,9.905740724154554755e-01,-9.654835602943473210e-07,4.063067063740145608e-06
1.534942120966459811e+01,9.209652414928014252e+01,-8.979016870361301568e-05,3.778669601942051559e-04,1.650950861216902155e-01,9.905668540853582726e-01,-9.654903137703402770e-07,4.063097103817938510e-06
1.551451629578628832e+01,9.308709100336550080e+01,-9.075565901738335596e-05,3.819300572980230944e-04,1.650966745190771690e-01,9.905825282992282155e-01,-9.654854246205727287e-07,4.063080595126931406e-06
1.567961297030536549e+01,9.407767353166472901e+01,-9.172114444200392869e-05,3.859931378931500258e-04,1.650982628211146164e-01,9.905829400280339314e-01,-9.654863567835702360e-07,4.063087360643301196e-06
1.584471123312648011e+01,9.506825647169276294e+01,-9.268663079878749892e-05,3.900562252537933270e-04,1.650979440403634868e-01,9.905909840852729076e-01,-9.654814677259734249e-07,4.063094125788169111e-06
1.600980917716684360e+01,9.605884745577803585e+01,-9.365211226651347235e-05,3.941193193795814961e-04,1.650995322418715716e-01,9.905990281626486649e-01,-9.654882211093619628e-07,4.063100891005461731e-06
1.617490870940871517e+01,9.704944648394068452e+01,-9.461760048762283431e-05,3.981824202705869578e-04,1.651011206247581242e-01,9.906070699792337564e-01,-9.654833319330856714e-07,4.063084382283717495e-06
1.634000983003347329e+01,9.804005355391991827e+01,-9.558308381955591998e-05,4.022455046528706753e-04,1.651027088123697695e-01,9.906074792523895667e-01,-9.654900854423500815e-07,4.063067873696034858e-06
1.650511253884584306e+01,9.903066103317230784e+01,-9.654857390499827006e-05,4.063085725265667102e-04,1.651023900225645491e-01,9.906155255627595579e-01,-9.654851963694660198e-07,4.063097912221467090e-06
1.667021492886840761e+01,1.000212765587350674e+02,-9.751405910136773608e-05,4.103716704387881773e-04,1.651039782979779602e-01,9.906235672623893151e-01,-9.654861284209939913e-07,4.063081403523846353e-06
1.683531890716638557e+01,1.010119001259974567e+02,-9.847954522978873007e-05,4.144347518423120236e-04,1.651036595074160118e-01,9.906316089130910996e-01,-9.654812393292177067e-07,4.063064894960449844e-06
1.700042256667380158e+01,1.020025317349105478e+02,-9.944502646911794778e-05,4.184978167372724735e-04,1.651071549335725308e-01,9.906320226882598945e-01,-9.654821713731156054e-07,4.063094932942696788e-06
1.716552972160737411e+01,1.029931637575988077e+02,-1.004105086404910634e-04,4.225609116702151702e-04,1.651068358358749322e-01,9.906400642710337934e-01,-9.654947463976875895e-07,4.063078424269307969e-06
1.733063655744324905e+01,1.039838038218698415e+02,-1.013760033868887510e-04,4.266239900944844782e-04,1.651065171393888420e-01,9.906481106888094246e-01,-9.654840356995985111e-07,4.063108461763284465e-06
1.749574307458263789e+01,1.049744519325586509e+02,-1.023414874225883495e-04,4.306870985562477627e-04,1.651100125457389822e-01,9.906561522657142405e-01,-9.654849679709620255e-07,4.063091953202002150e-06
1.766085308712837687e+01,1.059651080848243652e+02,-1.033069723905593115e-04,4.347501905094497648e-04,1.651096936410887395e-01,9.906565610510966735e-01,-9.654859000220427636e-07,4.063075444330909065e-06
1.782596278076946561e+01,1.069557646458754618e+02,-1.042724582905813543e-04,4.388132659537806739e-04,1.651112818838811336e-01,9.906646024679446327e-01,-9.654868322969976978e-07,4.063058936037858369e-06
1.799107406265334674e+01,1.079464292483434065e+02,-1.052379451228783520e-04,4.428763248898185323e-04,1.651109629746194685e-01,9.906726489040096340e-01,-9.654877644627192631e-07,4.063088972711798551e-06
1.815618502562796621e+01,1.089371018972474161e+02,-1.062034328873410712e-04,4.469394138625303308e-04,1.651125514224567326e-01,9.906806954292619594e-01,-9.654770538059789450e-07,4.063119009396472334e-06
1.832129757705042294e+01,1.099277825926766781e+02,-1.071689099411470502e-04,4.510025328719268031e-04,1.651141394395629902e-01,9.906810988565268872e-01,-9.654896286772853995e-07,4.063055955628915722e-06
1.848641171648998593e+01,1.109184636915332050e+02,-1.081343995698243356e-04,4.550655888275557189e-04,1.651157276620907055e-01,9.906891453138086945e-01,-9.654905609594638307e-07,4.063085991759779036e-06
1.865152744415207664e+01,1.119091528368470136e+02,-1.090998901307837994e-04,4.591286748193154979e-04,1.651154089590356477e-01,9.906971918603062477e-01,-9.654798502743716258e-07,4.063116027901321741e-06
1.881664285311111229e+01,1.128998500287073199e+02,-1.100653699810581710e-04,4.631917908472168196e-04,1.651169969561010475e-01,9.906975949395047110e-01,-9.654924251848177787e-07,4.063052974725360044e-06
1.898175985006721334e+01,1.138905476236468246e+02,-1.110308624062429888e-04,4.672548438219421797e-04,1.651185853872974008e-01,9.907132744084208298e-01,-9.654817145919098636e-07,4.063083010535028464e-06
1.914687843545451074e+01,1.148812608980552454e+02,-1.119963441208348987e-04,4.713179268324772082e-04,1.651182664602401928e-01,9.907136880166973469e-01,-9.654826467477380840e-07,4.063113045911503907e-06
1.931199670191475093e+01,1.158719745860719428e+02,-1.129618267675826368e-04,4.753810398783887121e-04,1.651217617953797401e-01,9.907217292369381312e-01,-9.654835789053823432e-07,4.063096537312870828e-06
1.947711846371013067e+01,1.168626963153088809e+02,-1.139273103464880191e-04,4.794441364157015829e-04,1.651195357305397238e-01,9.907221373246670737e-01,-9.654845110648290884e-07,4.063080028404535398e-06
1.964223799944067039e+01,1.178534184526335480e+02,-1.148927948575528482e-04,4.835072164441061183e-04,1.651230310537066259e-01,9.907378114992440032e-01,-9.654854432260647672e-07,4.063063519852306172e-06
1.980736103049437702e+01,1.188441562641327920e+02,-1.158582803007789130e-04,4.875702799639584245e-04,1.651227121137495146e-01,9.907382250017775505e-01,-9.654863753891164847e-07,4.063093554630789906e-06
1.997248374260812653e+01,1.198348944891345695e+02,-1.168237666761680294e-04,4.916333735185892144e-04,1.651243002972933027e-01,9.907462660560639733e-01,-9.654873075539435832e-07,4.063077046190504554e-06
2.013760804290541984e+01,1.208256407551906335e+02,-1.177892539837219730e-04,4.956964505647797189e-04,1.651258884748578737e-01,9.907466795207540144e-01,-9.654882397205867203e-07,4.063107080258835865e-06
2.030273393138027771e+01,1.218163874347113875e+02,-1.187547422234425598e-04,4.997595576450385548e-04,1.651255695261468759e-01,9.907547205071267626e-01,-9.654891718890323436e-07,4.063090571708666623e-06
2.046785950090642459e+01,1.228071421552185143e+02,-1.197202313953315921e-04,5.038226482167472214e-04,1.651271579356716757e-01,9.907703947138486456e-01,-9.654784611886664406e-07,4.063074063070893846e-06
2.063298665884209626e+01,1.237979125499323629e+02,-1.206857098565202585e-04,5.078857222798181153e-04,1.651287458606240932e-01,9.907631690633991184e-01,-9.654910362200688984e-07,4.063057554345083852e-06
2.079811540470272035e+01,1.247886757189957621e+02,-1.216512008927403274e-04,5.119487798341631991e-04,1.651303342620238368e-01,9.907788490231439482e-01,-9.654803253897884701e-07,4.063087588259241614e-06
2.096324573896474419e+01,1.257794545680189060e+02,-1.226166812181301159e-04,5.160118674224224407e-04,1.651300150582386550e-01,9.907792624402702586e-01,-9.654929005583018451e-07,4.063117621518432844e-06
2.112837575402298285e+01,1.267702338304591763e+02,-1.235821741186884177e-04,5.200749850439408736e-04,1.651316034551939538e-01,9.907872973606259848e-01,-9.654821898201786014e-07,4.063054570976974006e-06
2.129350735747817680e+01,1.277610211278198022e+02,-1.245476563085085964e-04,5.241380396149178476e-04,1.651312844928298773e-01,9.908029774966422565e-01,-9.654831218659060913e-07,4.063084604126118715e-06
2.145863864197100668e+01,1.287518241053164445e+02,-1.255131394303745024e-04,5.282011242190439663e-04,1.651347797447861865e-01,9.907957574484953511e-01,-9.654840540244448172e-07,4.063114636842233077e-06
2.162377342171579286e+01,1.297426198627649399e+02,-1.264786234843989473e-04,5.322642388558861994e-04,1.651344607741229709e-01,9.908037981950599260e-01,-9.654849862958760943e-07,4.063098128008761807e-06
2.178890788248991583e+01,1.307334236609599998e+02,-1.274441084706948234e-04,5.363273369838949612e-04,1.651341418030085606e-01,9.908118388926823172e-01,-9.654859183469703850e-07,4.063081619309406346e-06
2.195404202429292440e+01,1.317242354998526821e+02,-1.284095943890417937e-04,5.403904186032043675e-04,1.651376370351655964e-01,9.908198795412772597e-01,-9.654868506219524242e-07,4.063065110966211299e-06
2.211917966132808999e+01,1.327150553793939594e+02,-1.293750812396637462e-04,5.444534837141705788e-04,1.651373180557555997e-01,9.908279263601684761e-01,-9.654877826767058972e-07,4.063095142862235137e-06
2.228431697938384559e+01,1.337058833057541278e+02,-1.303405690223404521e-04,5.485165788570328139e-04,1.651389061740715647e-01,9.908359670028232813e-01,-9.654887148442435011e-07,4.063078634187274225e-06
2.244945588555791716e+01,1.346967192727569511e+02,-1.313060577371846956e-04,5.525796574912200882e-04,1.651385871900536984e-01,9.908287403137308047e-01,-9.654896471246465512e-07,4.063062125868148466e-06
2.261459447274797085e+01,1.356875480130706819e+02,-1.322715473843093421e-04,5.566427196170882366e-04,1.651401755653374437e-01,9.908367870918368681e-01,-9.654789361680294647e-07,4.063092157221312277e-06
2.277973464831330830e+01,1.366783848001625188e+02,-1.332370263204773716e-04,5.607058117743095489e-04,1.651417634060408091e-01,9.908601013658255852e-01,-9.654915113464768422e-07,4.063122188585101269e-06
2.294487641171934911e+01,1.376692449015283444e+02,-1.342025178318238484e-04,5.647689339628946502e-04,1.651433517731994982e-01,9.908528680783490472e-01,-9.654808004820169404e-07,4.063059140086713004e-06
2.311001976349254861e+01,1.386600977696066934e+02,-1.351679986323058654e-04,5.688319931029813632e-04,1.651430327801364228e-01,9.908609149396738758e-01,-9.654817326360833323e-07,4.063089171118627711e-06
2.327516279627268503e+01,1.396509586845463673e+02,-1.361334803649419487e-04,5.728950822740999909e-04,1.651446206007847195e-01,9.908689553484180124e-01,-9.654943078536975132e-07,4.063072662270194452e-06
2.344030741687346975e+01,1.406418276398947853e+02,-1.370989746727956462e-04,5.769581549363701854e-04,1.651462089594382121e-01,9.908770022958890422e-01,-9.654835969608857246e-07,4.063102693036045945e-06
2.360545362583290796e+01,1.416327046421906743e+02,-1.380644582697565319e-04,5.810212576294062313e-04,1.651458899576212502e-01,9.908697749820589706e-01,-9.654845291203460224e-07,4.063086184299610770e-06
2.377059951579052921e+01,1.426235744171727333e+02,-1.390299427988768780e-04,5.850843438137058421e-04,1.651493851185712458e-01,9.908930829906523741e-01,-9.654854611706000563e-07,4.063069675697399824e-06
2.393574890090910046e+01,1.436144675001633857e+02,-1.399954282600474780e-04,5.891474134894032419e-04,1.651471590286845981e-01,9.908858621805904932e-01,-9.654863934447147338e-07,4.063099705920174450e-06
2.410089605993778505e+01,1.446053533623439762e+02,-1.409609146534921927e-04,5.932105131953234163e-04,1.651506541776619486e-01,9.909091703072476776e-01,-9.654873256095960424e-07,4.063083196986089218e-06
2.426604671411544700e+01,1.455962625326512239e+02,-1.419264019791017888e-04,5.972735963923095056e-04,1.651503351629415306e-01,9.909019426414715781e-01,-9.654882577762391796e-07,4.063066688408164401e-06
2.443119704927838853e+01,1.465871644752926954e+02,-1.428918902368780280e-04,6.013366630807176700e-04,1.651519235084322190e-01,9.909099896312341116e-01,-9.654775466933125400e-07,4.063096717866034394e-06
2.459634897278682075e+01,1.475780744649239296e+02,-1.438573677835713405e-04,6.053997597985837044e-04,1.651535112770190494e-01,9.909180298003263943e-01,-9.654901221037791824e-07,4.063080209400107660e-06
2.476150248406383980e+01,1.485689924947242559e+02,-1.448228579056751197e-04,6.094628400079838120e-04,1.651531925438156634e-01,9.909108087254878683e-01,-9.654794110019332149e-07,4.063110238148042071e-06
2.492665567660765547e+01,1.495599033034497438e+02,-1.457883373166770529e-04,6.135259502461318541e-04,1.651547803002664239e-01,9.909341169773142610e-01,-9.654919864384749195e-07,4.063093729572285658e-06
2.509181045690792189e+01,1.505508374204270581e+02,-1.467538293031155278e-04,6.175890439757041397e-04,1.651563686331876113e-01,9.909421570914389577e-01,-9.654812753177638342e-07,4.063077220908600448e-06
2.525696682554110950e+01,1.515417795775184970e+02,-1.477193105784332917e-04,6.216521211966127402e-04,1.651579563738145850e-01,9.909349288197972783e-01,-9.654938507803806011e-07,4.063060712157311703e-06
2.542212478191492409e+01,1.525327145063382943e+02,-1.486848044292136723e-04,6.257151819087700519e-04,1.651576376354100262e-01,9.909429758519650022e-01,-9.654831396407772930e-07,4.063090740751289405e-06
2.558728241955033411e+01,1.535236574821902593e+02,-1.496502875688544495e-04,6.297782726495213413e-04,1.651592256637890443e-01,9.909662914338639439e-01,-9.654840717993973340e-07,4.063120768689975314e-06
2.575244164521412316e+01,1.545146237736241233e+02,-1.506157716406538469e-04,6.338413934182113166e-04,1.651589066266652139e-01,9.909590557813601208e-01,-9.654850039597520986e-07,4.063057723417739034e-06
2.591760055184078837e+01,1.555055828294054834e+02,-1.515812566446135990e-04,6.379044511416290556e-04,1.651624017044213133e-01,9.909518343119145811e-01,-9.654859362329994144e-07,4.063087751246703683e-06
2.608276295354520968e+01,1.564965346637173980e+02,-1.525467425808465984e-04,6.419675388928757593e-04,1.651620826590090019e-01,9.909751427148592029e-01,-9.654868682859639537e-07,4.063071242631699151e-06
2.624792503620421869e+01,1.574875098064322572e+02,-1.535122294491325623e-04,6.460306101355074585e-04,1.651617636131312850e-01,9.909831899162782065e-01,-9.654878004517397291e-07,4.063101269972664402e-06
2.641308679981734997e+01,1.584784929963485354e+02,-1.544777172495843021e-04,6.500937114054801229e-04,1.651652589805969740e-01,9.909759610198705104e-01,-9.654770893440390699e-07,4.063084761247830190e-06
2.657825205879794694e+01,1.594694689573684059e+02,-1.554431943389283411e-04,6.541567961667279531e-04,1.651649396188439312e-01,9.909992695538960561e-01,-9.654896647774907983e-07,4.063068252657220207e-06
2.674341699841679088e+01,1.604604682269223019e+02,-1.564086840037058319e-04,6.582198644193851733e-04,1.651665276126834669e-01,9.909920479437914764e-01,-9.654905969486875846e-07,4.063098279677044775e-06
2.690858352602947434e+01,1.614514602748660934e+02,-1.573741746006545195e-04,6.622829626990622181e-04,1.651662088691878694e-01,9.910000876391222846e-01,-9.654798858126621437e-07,4.063081770754668927e-06
2.707374973489866221e+01,1.624424603625052157e+02,-1.583396544864671817e-04,6.663460444698168870e-04,1.651677965413753668e-01,9.910081348858454930e-01,-9.654924612852264654e-07,4.063111797286602517e-06
2.723891753144003758e+01,1.634334684973910612e+02,-1.593051469477524081e-04,6.704091562671034895e-04,1.651693848400661579e-01,9.910161745752361639e-01,-9.654817500192864992e-07,4.063095288254288569e-06
2.740408691628010374e+01,1.644244846719662974e+02,-1.602706286977716946e-04,6.744722515553577781e-04,1.651709728174814984e-01,9.910242142157414946e-01,-9.654826822862183373e-07,4.063078779799962799e-06
2.756925788909758523e+01,1.654155088861820389e+02,-1.612361113800579130e-04,6.785353303351577409e-04,1.651706537496622218e-01,9.910322538072193765e-01,-9.654836144439439116e-07,4.063062271257816653e-06
2.773442854284724746e+01,1.664065411399892582e+02,-1.622015949945018569e-04,6.825983926064155575e-04,1.651722413938898626e-01,9.910250318673092806e-01,-9.654961899686583578e-07,4.063092296748265636e-06
2.789960078424113732e+01,1.673975661718565675e+02,-1.631670911844705152e-04,6.866614849031638232e-04,1.651738296800111527e-01,9.910483406575565368e-01,-9.654854786649610509e-07,4.063075788318117575e-06
2.806477461392114847e+01,1.683886145125141240e+02,-1.641325766631354763e-04,6.907245606914819407e-04,1.651735109321812445e-01,9.910411186798171457e-01,-9.654747674403562924e-07,4.063105813542394924e-06
2.822994812485332972e+01,1.693796556311939412e+02,-1.650980514305758326e-04,6.947876665050243357e-04,1.651750985602120636e-01,9.910491581353824131e-01,-9.654873430927897546e-07,4.063089304780589418e-06
2.839512322341354178e+01,1.703707047893293236e+02,-1.660635387736686223e-04,6.988507558098049251e-04,1.651766865090777969e-01,9.910571975419770752e-01,-9.654882752594871019e-07,4.063072796152899721e-06
2.856029990992261958e+01,1.713617619868713007e+02,-1.670290270489281094e-04,7.029138286059578248e-04,1.651782744519607604e-01,9.910652449140684439e-01,-9.654892073169510803e-07,4.063102820834317043e-06
2.872547818437458034e+01,1.723528272317853691e+02,-1.679945162562450605e-04,7.069769314267921418e-04,1.651779556989296793e-01,9.910732843147513904e-01,-9.654784960545889812e-07,4.063086312318733850e-06
2.889065614007351002e+01,1.733439005161001205e+02,-1.689599947522996495e-04,7.110400177391108757e-04,1.651795432989970891e-01,9.910660539657101253e-01,-9.654910717591454628e-07,4.063069803493610938e-06
2.905583568337250711e+01,1.743349665700658306e+02,-1.699254858240587950e-04,7.151030875426044866e-04,1.651811315678983760e-01,9.910893710595587436e-01,-9.654803603668959434e-07,4.063099827631951391e-06
2.922101681494040548e+01,1.753260559411253894e+02,-1.708909661844256909e-04,7.191661873702364380e-04,1.651808121312967614e-01,9.910821405806586881e-01,-9.654929359865051849e-07,4.063083319140762747e-06
2.938619762707170224e+01,1.763171380817060481e+02,-1.718564591204121961e-04,7.232292706893772008e-04,1.651824003957571563e-01,9.911054496400311109e-01,-9.654822246863857451e-07,4.063066810339925963e-06
2.955138002746745940e+01,1.773082435313460792e+02,-1.728219413450985818e-04,7.272923374997171267e-04,1.651839883139274434e-01,9.910982272297133022e-01,-9.654831568431897475e-07,4.063096834157342574e-06
2.971656401578138684e+01,1.782993417585757925e+02,-1.737874245019417716e-04,7.313554343338744693e-04,1.651836692108012983e-01,9.911062663964571584e-01,-9.654840890018368937e-07,4.063080325246676110e-06
2.988174768499218814e+01,1.792904480249722496e+02,-1.747529085909436085e-04,7.354185146591211454e-04,1.651871637842390328e-01,9.911143055143156744e-01,-9.654966647846456671e-07,4.063063816913889403e-06
3.004693484877642717e+01,1.802815623304865653e+02,-1.757184052557282542e-04,7.394815784760350348e-04,1.651868450208162642e-01,9.911223530117467817e-01,-9.654859533357194792e-07,4.063093839966618222e-06
3.021212169379724344e+01,1.812726846834983121e+02,-1.766838912090639736e-04,7.435446723160016530e-04,1.651865262626976971e-01,9.911151219268674595e-01,-9.654752418548635372e-07,4.063077331080237886e-06
3.037730822005994114e+01,1.822637998054251796e+02,-1.776493664509188372e-04,7.476077496470818909e-04,1.651881138064617005e-01,9.911384396451126122e-01,-9.654878176543148140e-07,4.063107353866903491e-06
3.054249633386640284e+01,1.832549382450702922e+02,-1.786148542685731520e-04,7.516708570009487944e-04,1.651897016960859332e-01,9.911312084303460779e-01,-9.654887498219608382e-07,4.063090845092629660e-06
3.070768603556248877e+01,1.842460694535006382e+02,-1.795803430183951128e-04,7.557339478460414241e-04,1.651912895797131853e-01,9.911392473632645306e-01,-9.654896819913957959e-07,4.063074336452580058e-06
3.087287732514220195e+01,1.852372087008639028e+02,-1.805458327003865086e-04,7.597970221824940041e-04,1.651909708163969981e-01,9.911625653506064282e-01,-9.654789705837777108e-07,4.063104358696277216e-06
3.103806829595859895e+01,1.862283712662145092e+02,-1.815113116709702863e-04,7.638601265411902813e-04,1.651944653327923618e-01,9.911553338948806413e-01,-9.654915463243839147e-07,4.063087849724461749e-06
3.120326276129139131e+01,1.872195266001093898e+02,-1.824768032172946702e-04,7.679232143909147431e-04,1.651922395662843712e-01,9.911481022042210043e-01,-9.654808347868784092e-07,4.063071341108698276e-06
3.136845500085767569e+01,1.882106747023136109e+02,-1.834422840520815487e-04,7.719862857320234414e-04,1.651957344340857503e-01,9.911714203365704634e-01,-9.654817670520755239e-07,4.063101362587816061e-06
3.153365073529176144e+01,1.892018461226501813e+02,-1.844077658191336242e-04,7.760493870946112574e-04,1.651954149311016806e-01,9.911794592086664579e-01,-9.654943428317672161e-07,4.063084854084050672e-06
3.169884615022286312e+01,1.901930255818588478e+02,-1.853732601619653914e-04,7.801124719486953081e-04,1.651970031572638220e-01,9.911722272770475684e-01,-9.654836312659640339e-07,4.063068345270745563e-06
3.186404315338012694e+01,1.911841978091358953e+02,-1.863387437932313554e-04,7.841755402939660537e-04,1.651966840188272556e-01,9.911955367437883524e-01,-9.654845634254785418e-07,4.063051837035320211e-06
3.202923983739895419e+01,1.921753933458796837e+02,-1.873042283566568340e-04,7.882385921310013739e-04,1.652020858485414578e-01,9.911883225517215124e-01,-9.654854956978584958e-07,4.063128386899315589e-06
3.219444192324749565e+01,1.931665816684314052e+02,-1.882697138523546925e-04,7.923017205179006895e-04,1.651979527227354083e-01,9.911963612879048924e-01,-9.654864277499827785e-07,4.063111878175999260e-06
3.235963987597023106e+01,1.941577780297193101e+02,-1.892352002801046752e-04,7.963648323960766887e-04,1.652014475509346880e-01,9.912043999750608236e-01,-9.654873600259405997e-07,4.063095369364970975e-06
3.252484132352116575e+01,1.951489824296943709e+02,-1.902006876401306158e-04,8.004279277654416597e-04,1.652011283996088764e-01,9.912124386132177278e-01,-9.654882920816698546e-07,4.063078860688166920e-06
3.269004245192077462e+01,1.961401948683075886e+02,-1.911661759322122857e-04,8.044910066261298266e-04,1.652046235947750574e-01,9.912204772023756050e-01,-9.654775805477151113e-07,4.063062352145261832e-06
3.285524707551554968e+01,1.971314153455099643e+02,-1.921316535127600008e-04,8.085540689782750885e-04,1.652043040544484143e-01,9.912285157425628768e-01,-9.654901564092911725e-07,4.063045843514861630e-06
3.302045137956999810e+01,1.981226438612525271e+02,-1.930971436691692920e-04,8.126171148217899501e-04,1.652039852808400155e-01,9.912213014968642710e-01,-9.654794448564713114e-07,4.063122391824653193e-06
3.318565536485083811e+01,1.991138651627493914e+02,-1.940626231140257633e-04,8.166802372136146033e-04,1.652074796890303787e-01,9.912446113116857305e-01,-9.654920207441495400e-07,4.063105882706253592e-06
3.335086284453986849e+01,2.001051097740610771e+02,-1.950281151347699128e-04,8.207433430963208569e-04,1.652033469613698458e-01,9.912373785143699934e-01,-9.654813091724374560e-07,4.063089373943905985e-06
3.351606619150123834e+01,2.010963471525754471e+02,-1.959935964439423503e-04,8.248064324702647629e-04,1.652106556956027816e-01,9.912454169186162289e-01,-9.654822413274796299e-07,4.063072865315674187e-06
3.368127684719684112e+01,2.020875925694940634e+02,-1.969590786852698299e-04,8.288695053355804370e-04,1.652103365227759468e-01,9.912534552739771243e-01,-9.654831734843649475e-07,4.063056356821775038e-06
3.384648718371961706e+01,2.030788460247680405e+02,-1.979245618587541949e-04,8.329325616924022121e-04,1.652100173494943647e-01,9.912615125539900873e-01,-9.654841056430120937e-07,4.063132902933671957e-06
3.401169720106911143e+01,2.040701075373220306e+02,-1.988900459643972070e-04,8.369956945953358840e-04,1.652096973796943757e-01,9.912695319296176422e-01,-9.655083254993300848e-07,4.063023339858046028e-06
3.417690689844880580e+01,2.050613770692516482e+02,-1.998555542898965370e-04,8.410587179351939301e-04,1.652131937288032759e-01,9.912623176111310386e-01,-9.654626821587960778e-07,4.063099885482160389e-06
3.434212009217760908e+01,2.060526393868627792e+02,-2.008210169720553331e-04,8.451218178206760905e-04,1.652128737507112533e-01,9.912856275770423053e-01,-9.654869021297955538e-07,4.063083376546665695e-06
3.450733296592832033e+01,2.070439250144398216e+02,-2.017865038741851287e-04,8.491849011972227562e-04,1.652125545682068264e-01,9.912783940629594781e-01,-9.654878342956526444e-07,4.063066868189050759e-06
3.467254552049652716e+01,2.080352034085027810e+02,-2.027519917084807813e-04,8.532479680654118069e-04,1.652160493053997925e-01,9.912864516180945884e-01,-9.654887664632986685e-07,4.063143412103378295e-06
3.483776156980192695e+01,2.090264898601208756e+02,-2.037174804749440800e-04,8.573111114775151852e-04,1.652157301146104373e-01,9.913097422813734738e-01,-9.654896985217113238e-07,4.063033851054559907e-06
3.500297729991653739e+01,2.100177996024022491e+02,-2.046829701734657913e-04,8.613741453285697451e-04,1.652192248361430416e-01,9.913025280520457727e-01,-9.654906308040117277e-07,4.063110394481104885e-06
3.516819652475268043e+01,2.110091021304542949e+02,-2.056484608042698030e-04,8.654372557230508500e-04,1.652189056370616527e-01,9.913105662105010651e-01,-9.654915629770787627e-07,4.063093885682002825e-06
3.533341543038974208e+01,2.120004126966647959e+02,-2.066139523672468818e-04,8.695003496087328528e-04,1.652185872643769926e-01,9.913033322014541682e-01,-9.654692072761836795e-07,4.063077377017124993e-06
3.549863401765411908e+01,2.129917160288662501e+02,-2.075794215745230655e-04,8.735634269857499778e-04,1.652182672413786690e-01,9.913266423185405074e-01,-9.654934271950601360e-07,4.063060868486579810e-06
3.566385228489549775e+01,2.139830426711847906e+02,-2.085449150017181256e-04,8.776264878542365576e-04,1.652217619389517722e-01,9.913194280732682273e-01,-9.654943594845704843e-07,4.063137410181111818e-06
3.582907404683444952e+01,2.149743620992580588e+02,-2.095104093612026961e-04,8.816896252644176694e-04,1.652214435690666505e-01,9.913427183226417583e-01,-9.654720037216319318e-07,4.063027851449450313e-06
3.599429549040351617e+01,2.159657048175807006e+02,-2.104758813649243280e-04,8.857526531158671198e-04,1.652249374164327378e-01,9.913355040394549178e-01,-9.654962238243890767e-07,4.063104392656199763e-06
3.615952042781994891e+01,2.169570403216201555e+02,-2.114413775887487171e-04,8.898157575085233195e-04,1.652246190459649711e-01,9.913435419640563850e-01,-9.654738679090388038e-07,4.063087884127931405e-06
3.632474504686591388e+01,2.179483838635842119e+02,-2.124068514566577559e-04,8.938788453926512509e-04,1.652242989866508083e-01,9.913515798396304035e-01,-9.654980881714447186e-07,4.063071375289906487e-06
3.648996934585256469e+01,2.189397354434238423e+02,-2.133723495448292006e-04,8.979419167679411574e-04,1.652277945025915074e-01,9.913596381120726164e-01,-9.654757323257544353e-07,4.063147915230741480e-06
3.665519714035515619e+01,2.199310950815359149e+02,-2.143378252771549551e-04,9.020050646831718989e-04,1.652274744272901330e-01,9.913676555359813847e-01,-9.654999524146066874e-07,4.063038358082231988e-06
3.682042461478244633e+01,2.209224627370718963e+02,-2.153033252295695618e-04,9.060681030412541309e-04,1.652271560630040881e-01,9.913757138943992686e-01,-9.654775966386306037e-07,4.063114897535067584e-06
3.698565177084545041e+01,2.219138384509662956e+02,-2.162688028262081924e-04,9.101312179387891985e-04,1.652306507130205659e-01,9.913684790195702590e-01,-9.654785287864899382e-07,4.063098388699536330e-06
3.715088242155847098e+01,2.229052069299858658e+02,-2.172342813549946823e-04,9.141943163274887348e-04,1.652303314866401251e-01,9.913917895107999811e-01,-9.654794608251701139e-07,4.063081879998120885e-06
3.731611275304511111e+01,2.238965987194966658e+02,-2.181997608158198524e-04,9.182573982074868557e-04,1.652338252479310654e-01,9.913845544139974209e-01,-9.655036812332385907e-07,4.063065371430821249e-06
3.748134657829304217e+01,2.248879832739106632e+02,-2.191652644970530910e-04,9.223204635789176769e-04,1.652296930249406159e-01,9.913925920067470088e-01,-9.654813252634613686e-07,4.063048862775809657e-06
3.764657627131798279e+01,2.258793758659174102e+02,-2.201307458223165524e-04,9.263835124416934866e-04,1.652370015048560958e-01,9.914006506402586183e-01,-9.654822573074812401e-07,4.063125400474948239e-06
3.781181327282283888e+01,2.268707765165576689e+02,-2.210962280796240336e-04,9.304466378421684348e-04,1.652328684117279067e-01,9.914086883190122990e-01,-9.654831895754430703e-07,4.063108891332154089e-06
3.797704614123456679e+01,2.278621852048766812e+02,-2.220617112691994767e-04,9.345097467335005889e-04,1.652363630221387325e-01,9.914167259487953743e-01,-9.654841216230950190e-07,4.063092382545411933e-06
3.814228250425670552e+01,2.288536019308254765e+02,-2.230271953908225717e-04,9.385728391160460008e-04,1.652360437782434133e-01,9.914094903571140094e-01,-9.654850538946076113e-07,4.063075873892785586e-06
3.830751854803494894e+01,2.298450114211825905e+02,-2.239926804447171793e-04,9.426359149899387864e-04,1.652395383730009826e-01,9.914328009994619606e-01,-9.654859860569139397e-07,4.063059365374275048e-06
3.847275808640794992e+01,2.308364442221820525e+02,-2.249581664307740933e-04,9.466989743553130615e-04,1.652354052853866051e-01,9.914255651858354668e-01,-9.654869181099326892e-07,4.063042857211708082e-06
3.863799349169333652e+01,2.318278697873678880e+02,-2.259236533488840259e-04,9.507620172125247696e-04,1.652427137035985538e-01,9.914336241373007397e-01,-9.654878503868933974e-07,4.063119392025893103e-06
3.880323620539693508e+01,2.328193034115051887e+02,-2.268891411992709193e-04,9.548251366045506627e-04,1.652385806150604708e-01,9.914569350028159533e-01,-9.654887824435171191e-07,4.063102883375652001e-06
3.896847478601199555e+01,2.338107603465080047e+02,-2.278546299817144365e-04,9.588882394879263147e-04,1.652420751858656445e-01,9.914496990400891718e-01,-9.654897147240827995e-07,4.063086374415871178e-06
3.913371686119786119e+01,2.348022100455480938e+02,-2.288201196964385193e-04,9.629513258623421858e-04,1.652455697451742367e-01,9.914424628425138053e-01,-9.654906468953337959e-07,4.063069866033861693e-06
3.929896243094303543e+01,2.357936525083906076e+02,-2.297856103433338531e-04,9.670143957283760475e-04,1.652414375781887657e-01,9.914657736230481078e-01,-9.654682905420471604e-07,4.063053357564140253e-06
3.946420386852122419e+01,2.367851182820136557e+02,-2.307510786338759002e-04,9.710774490859401878e-04,1.652449312137846960e-01,9.914738329735541811e-01,-9.654925112208409196e-07,4.063129890624628260e-06
3.962944879973500889e+01,2.377765921149872099e+02,-2.317165711450967411e-04,9.751405789765648160e-04,1.652484257532833567e-01,9.914665966269069486e-01,-9.654934432864906244e-07,4.063113381667232682e-06
3.979469722548829225e+01,2.387680587116141169e+02,-2.326820645883832318e-04,9.792036923582320487e-04,1.652442936001463636e-01,9.914899076304948267e-01,-9.654710870932051246e-07,4.063096872843844493e-06
3.995994151908843861e+01,2.397595486192446117e+02,-2.336475356754764369e-04,9.832667892310758932e-04,1.652477872043931484e-01,9.914826710619593086e-01,-9.654953076227584547e-07,4.063080364154897373e-06
4.012518930629283176e+01,2.407510312903065710e+02,-2.346130309830991953e-04,9.873298695952307906e-04,1.652512826626022502e-01,9.914907081750072848e-01,-9.654729513881377470e-07,4.063063855599740801e-06
4.029044058895543401e+01,2.417425219984815783e+02,-2.355785039344873331e-04,9.913929334508305314e-04,1.652471486462729899e-01,9.914987452390562339e-01,-9.654971719662633345e-07,4.063047347179025298e-06
4.045568773760170700e+01,2.427340207437206345e+02,-2.365440011064535964e-04,9.954559807980095567e-04,1.652544578951449239e-01,9.915068049075159706e-01,-9.654748156902532089e-07,4.063123878020151458e-06
4.062094219549685192e+01,2.437255275486281505e+02,-2.375094759221438496e-04,9.995191046760297082e-04,1.652503238701896748e-01,9.915148420575121690e-01,-9.654990363169781587e-07,4.063107369111544978e-06
4.078619251936704160e+01,2.447170423906856627e+02,-2.384749749584608278e-04,1.003582212045141253e-03,1.652538193198651584e-01,9.915076049942399550e-01,-9.654766799995786151e-07,4.063090860558990491e-06
4.095144633868690676e+01,2.457085499956799026e+02,-2.394404516384604064e-04,1.007645302905700244e-03,1.652534990738345755e-01,9.915309161487471101e-01,-9.655009006748487173e-07,4.063074351696787864e-06
4.111669983776074133e+01,2.467000809118286497e+02,-2.404059525391352551e-04,1.011708377257397031e-03,1.652569945155519804e-01,9.915236788634445020e-01,-9.654785443161139659e-07,4.063057843412681835e-06
4.128195683227629331e+01,2.476916045906920942e+02,-2.413714310834513691e-04,1.015771435100809713e-03,1.652528614461914458e-01,9.915469900440427864e-01,-9.654794763547670366e-07,4.063041334818710826e-06
4.144720969372248476e+01,2.486831515807361370e+02,-2.423369105598061361e-04,1.019834476435628424e-03,1.652601696948465815e-01,9.915397757420123526e-01,-9.654804085062855534e-07,4.063117863662519744e-06
4.161246986341733134e+01,2.496746913564781494e+02,-2.433023909683124217e-04,1.023897594299290944e-03,1.652560356513532724e-01,9.915478126581263041e-01,-9.655046295008260903e-07,4.063101354802702361e-06
4.177772589906868461e+01,2.506662391691362757e+02,-2.442678955978132478e-04,1.027960695654093646e-03,1.652595310845441645e-01,9.915558495252696503e-01,-9.654822728371865830e-07,4.063084845855498284e-06
4.194298543015322878e+01,2.516577950186615453e+02,-2.452333778706504343e-04,1.032023780499949145e-03,1.652592117787747839e-01,9.915486117450598158e-01,-9.654832051051755182e-07,4.063068337485740283e-06
4.210824464193200356e+01,2.526493436304066051e+02,-2.461988610757556099e-04,1.036086848837434885e-03,1.652627062269829139e-01,9.915719230507704651e-01,-9.654841371528545720e-07,4.063051829028595588e-06
4.227350734815898647e+01,2.536409155534573756e+02,-2.471643452129084644e-04,1.040149900666463480e-03,1.652623869129214995e-01,9.915799834360825571e-01,-9.654850694244213744e-07,4.063128355674943543e-06
4.243876973507190797e+01,2.546324955368934582e+02,-2.481298302823328858e-04,1.044213029022138424e-03,1.652620675984124432e-01,9.915727455067440133e-01,-9.654860014756782953e-07,4.063111846730124710e-06
4.260403180267032042e+01,2.556240682824002022e+02,-2.490953162838085641e-04,1.048276140868868549e-03,1.652655620268035364e-01,9.915807821891178264e-01,-9.654869336398006624e-07,4.063095338141141030e-06
4.276929736469712395e+01,2.566156490645893200e+02,-2.500608032174483648e-04,1.052339236207009690e-03,1.652652427039953409e-01,9.915888188223789257e-01,-9.654878659167884757e-07,4.063078829242726051e-06
4.293456260740111929e+01,2.576072378834116989e+02,-2.510262910833651532e-04,1.056402315036252416e-03,1.652687371167331776e-01,9.915968554065557328e-01,-9.654887979734664075e-07,4.063062320700146224e-06
4.309983134451785247e+01,2.585988347388182547e+02,-2.519917798813386197e-04,1.060465377356952562e-03,1.652646050611750184e-01,9.916048919419608865e-01,-9.654664412104326660e-07,4.063045812291790626e-06
4.326509594957902749e+01,2.595904396307602156e+02,-2.529572463225490523e-04,1.064528423169244353e-03,1.652680984616168303e-01,9.916129526451982201e-01,-9.654906624028129943e-07,4.063122336940821339e-06
4.343036404804064432e+01,2.605820525834054138e+02,-2.539227369849518653e-04,1.068591545506185174e-03,1.652715928545447355e-01,9.916209892663800929e-01,-9.654915944649661470e-07,4.063105827823180680e-06
4.359563564089518906e+01,2.615736735726717939e+02,-2.548882285794168315e-04,1.072654651334008355e-03,1.655201675440736153e-01,9.927662515955830713e-01,-2.385627824624711154e-05,3.134594273416558587e-05
4.376115580843926267e+01,2.625664398242673769e+02,-2.787445068256639430e-04,1.104000594068173940e-03,1.655819470208683697e-01,9.928348016496215678e-01,-2.548058865314920809e-05,3.311292878986214945e-05
4.392673775546013104e+01,2.635592746259169985e+02,-3.042250954788131511e-04,1.137113522858036090e-03,1.654715571917506622e-01,9.928389329943456687e-01,-2.709903748299478205e-05,3.484783233997381345e-05
4.409220931265188170e+01,2.645521135589113442e+02,-3.313241329618079331e-04,1.171961355198009903e-03,1.655158726783767520e-01,9.929315250191734776e-01,-2.890858448016762200e-05,3.678198885380249729e-05
4.425772518533025845e+01,2.655450450839305176e+02,-3.602327174419755551e-04,1.208743344051812401e-03,1.655336970878167335e-01,9.929718121472888015e-01,-3.095037159015894554e-05,3.895758783482752667e-05
4.442325888241807519e+01,2.665380168960778065e+02,-3.911830890321345007e-04,1.247700931886639927e-03,1.655534116643622156e-01,9.930339935283427621e-01,-3.326853271978460645e-05,4.142015445348788856e-05
4.458881229408243740e+01,2.675310508896061492e+02,-4.244516217519191071e-04,1.289121086340127816e-03,1.655799295693967110e-01,9.930734058115717744e-01,-3.591944392518912248e-05,4.422691731414398961e-05
4.475439222365183412e+01,2.685241242954177210e+02,-4.603710656771082296e-04,1.333348003654271806e-03,1.656059561134171076e-01,9.931418269308096569e-01,-3.897550245048243692e-05,4.745182466864739275e-05
4.491999817976525122e+01,2.695172661223485306e+02,-4.993465681275906665e-04,1.380799828322919198e-03,1.656422738526757144e-01,9.932357436594543287e-01,-4.252960714806416388e-05,5.118906942136436898e-05
4.508564045361792694e+01,2.705105018660079850e+02,-5.418761752756548304e-04,1.431988897744283567e-03,1.656944751995013121e-01,9.933293539860414967e-01,-4.670325349892404457e-05,5.556172511423079080e-05
4.525133492881742825e+01,2.715038312199940265e+02,-5.885794287745788750e-04,1.487550622858514358e-03,1.657548483601161138e-01,9.934078605760987557e-01,-5.165666175768496727e-05,6.073121172750863862e-05
4.541708977717754436e+01,2.724972390805701252e+02,-6.402360905322638423e-04,1.548281834586022997e-03,1.658397962106334944e-01,9.935022814167382421e-01,-5.760334141987884325e-05,6.691205138424248175e-05
4.558292957338817786e+01,2.734907413619868635e+02,-6.978394319521426855e-04,1.615193885970265478e-03,1.659545428729458649e-01,9.936644778476875217e-01,-6.483021668942040919e-05,7.439116306646098228e-05
4.574888411626112372e+01,2.744844058398345510e+02,-7.626696486415630947e-04,1.689585049036726461e-03,1.661071241277483068e-01,9.938213046719397425e-01,-7.372327651500364207e-05,8.355187215289554443e-05
4.591499124038887203e+01,2.754782271445064907e+02,-8.363929251565667368e-04,1.773136921189622005e-03,1.663145063072946073e-01,9.940583085273146935e-01,-8.479773960147528669e-05,9.490317689446925616e-05
4.608130574669616664e+01,2.764722854530338054e+02,-9.211906647580420235e-04,1.868040098084091261e-03,1.665633112339719446e-01,9.942886737356957383e-01,-9.871993973138389663e-05,1.090962151770609977e-04
4.624786905793013858e+01,2.774665741267695012e+02,-1.019910604489425920e-03,1.977136313261152259e-03,1.668030374461721976e-01,9.945829633435891992e-01,-1.162857134394338753e-04,1.268981716444819025e-04
4.641467209537631078e+01,2.784611570901130904e+02,-1.136196317928859795e-03,2.104034484905634161e-03,1.669034529113559984e-01,9.948190510437484591e-01,-1.382691244963291533e-04,1.490315470515433775e-04
4.658157554828766678e+01,2.794559761411568388e+02,-1.274465442425188949e-03,2.253066031957177539e-03,1.665758388805897994e-01,9.947430993584589487e-01,-1.649909026443538516e-04,1.757382914263968393e-04
4.674815138716825658e+01,2.804507192405152978e+02,-1.439456345069542800e-03,2.428804323383574378e-03,1.655742110301190451e-01,9.941178687201954745e-01,-1.955362972452868216e-04,2.060108329516455519e-04
4.691372559819837562e+01,2.814448371092354932e+02,-1.634992642314829622e-03,2.634815156335219930e-03,1.642040054769822177e-01,9.929417738502479551e-01,-2.270918218993558772e-04,2.369810246740330396e-04
4.707792960367535784e+01,2.824377788830857412e+02,-1.862084464214185499e-03,2.871796181009252970e-03,1.634445463845040081e-01,9.919801343895073842e-01,-2.556051953554103456e-04,2.646400414334417611e-04
4.724137415005986185e+01,2.834297590174752486e+02,-2.117689659569595845e-03,3.136436222442694731e-03,1.637682549737036197e-01,9.917593634395416302e-01,-2.779746397891481521e-04,2.860281240975423751e-04
4.740514240503356547e+01,2.844215183809147902e+02,-2.395664299358743997e-03,3.422464346540237106e-03,1.644987390707441932e-01,9.919907350812309232e-01,-2.935345335262551023e-04,3.006348637894697834e-04
4.756964114410430966e+01,2.854135091159960211e+02,-2.689198832884999099e-03,3.723099210329706889e-03,1.650099984587711788e-01,9.921267048023878488e-01,-3.034608153768408867e-04,3.097338446244770997e-04
4.773465114256308084e+01,2.864056358207984090e+02,-2.992659648261839986e-03,4.032833054954183989e-03,1.652359912920005058e-01,9.921259580989385540e-01,-3.094596494521927553e-04,3.150655214086443487e-04
4.789988713385508134e+01,2.873977617788973475e+02,-3.302119297714032741e-03,4.347898576362828338e-03,1.653113540679598259e-01,9.920233477294573277e-01,-3.129861448395118186e-04,3.180765185765615025e-04
4.806519848792304117e+01,2.883897851266268049e+02,-3.615105442553544560e-03,4.665975094939389840e-03,1.653227394998992850e-01,9.919393003311256507e-01,-3.150408810168514248e-04,3.197442470714130860e-04
4.823052122742294046e+01,2.893817244269579305e+02,-3.930146323570395984e-03,4.985719342010802926e-03,1.653171996757905049e-01,9.918254100375634152e-01,-3.162441737334844433e-04,3.206595947380878192e-04
4.839583842709873096e+01,2.903735498369954939e+02,-4.246390497303880428e-03,5.306378936748890746e-03,1.653043110500860280e-01,9.917471136937479059e-01,-3.169587059735426426e-04,3.211628426834870625e-04
4.856114273814881699e+01,2.913652969506892418e+02,-4.563349203277423070e-03,5.627541779432377808e-03,1.653009142681511889e-01,9.916956980532631860e-01,-3.173912505437066420e-04,3.214396780449445962e-04
4.872644365241696818e+01,2.923569926487425050e+02,-4.880740453821129712e-03,5.948981457477322404e-03,1.652862778520258757e-01,9.916087539210707291e-01,-3.176590336194246023e-04,3.215944174680390039e-04
4.889172993026899405e+01,2.933486014026635758e+02,-5.198399487440554315e-03,6.270575874945361408e-03,1.652800102638209978e-01,9.915938462634130701e-01,-3.178288974417832480e-04,3.216812495535738628e-04
4.905700994053281505e+01,2.943401952489269888e+02,-5.516228384882337563e-03,6.592257124498935271e-03,1.652726881590780295e-01,9.915062393230300586e-01,-3.179393124859864611e-04,3.217309683868855436e-04
4.922228262869189308e+01,2.953317014882500189e+02,-5.834167697368324024e-03,6.913988092885820815e-03,1.652670183576816498e-01,9.915042154611342085e-01,-3.180130676009923149e-04,3.217598947478578567e-04
4.938754964704957473e+01,2.963232057037111531e+02,-6.152180764969316339e-03,7.235747987633678671e-03,1.652586039978345411e-01,9.914367035011650842e-01,-3.180628643171170417e-04,3.217769287290235536e-04
4.955280825104740927e+01,2.973146424072123182e+02,-6.470243629286433380e-03,7.557524916362702225e-03,1.652546522142017693e-01,9.914283694276946335e-01,-3.180965485205340323e-04,3.217879992891432145e-04
4.971806290326161104e+01,2.983060707766400128e+02,-6.788340177806967413e-03,7.879312915651845439e-03,1.652472375940661209e-01,9.913874079884408275e-01,-3.181212282220074669e-04,3.217945920263899640e-04
4.988331014085567716e+01,2.992974581846284536e+02,-7.106461406028974880e-03,8.201107507678235403e-03,1.652439070247382347e-01,9.913449832581022747e-01,-3.181376425638914388e-04,3.217981901561146885e-04
5.004855404788041540e+01,3.002888031678865559e+02,-7.424599048592866318e-03,8.522905697834350092e-03,1.652368639025709740e-01,9.913019679019043906e-01,-3.181502861187126066e-04,3.218017515066902423e-04
5.021379091178298637e+01,3.012801051357884603e+02,-7.742749334711578925e-03,8.844707449341040334e-03,1.652336839668322455e-01,9.912884957210508219e-01,-3.181591540874157201e-04,3.218030613328804607e-04
5.037902459574981862e+01,3.022713936315095111e+02,-8.060908488798994645e-03,9.166510510673920795e-03,1.652267615981202198e-01,9.912746785735180310e-01,-3.181649929946510358e-04,3.218050746083209179e-04
5.054425135734793884e+01,3.032626683100830292e+02,-8.379073481793645681e-03,9.488315585282241713e-03,1.652235517620326277e-01,9.911979955801371034e-01,-3.181700536886381686e-04,3.218048392775608307e-04
5.070947490910997146e+01,3.042538663056631663e+02,-8.697243535482283849e-03,9.810120424559802543e-03,1.652165282037998395e-01,9.912136093490744315e-01,-3.181735833800887481e-04,3.218060459591193245e-04
5.087469143731377130e+01,3.052450799150122407e+02,-9.015417118862372597e-03,1.013192647051892187e-02,1.652132551821239304e-01,9.911670123531735044e-01,-3.181755801274291362e-04,3.218072181661937869e-04
5.103990469249589523e+01,3.062362469273654142e+02,-9.333592698989801734e-03,1.045373368868511565e-02,1.652098733934082020e-01,9.911193706834637851e-01,-3.181775465555189419e-04,3.218068817867018178e-04
5.120511456588930344e+01,3.072273662980488780e+02,-9.651770245545320676e-03,1.077554057047181747e-02,1.651988685768515097e-01,9.911019850625848449e-01,-3.181787301115776567e-04,3.218065124212278472e-04
5.137031343446615494e+01,3.082184682831114628e+02,-9.969948975656898332e-03,1.109734708289304532e-02,1.651990891261334582e-01,9.910844789889665662e-01,-3.181798825706381312e-04,3.218075832993293195e-04
5.153551252359228840e+01,3.092095527621004294e+02,-1.028812885822753646e-02,1.141915466619237464e-02,1.651916886607764923e-01,9.910350780151020444e-01,-3.181802509004908602e-04,3.218071471110077464e-04
5.170070421225306490e+01,3.102005878401155314e+02,-1.060630910912802732e-02,1.174096181330338239e-02,1.651841445676396347e-01,9.909853028726729463e-01,-3.181813405967008623e-04,3.218074141577015324e-04
5.186588835682070453e+01,3.111915731429882044e+02,-1.092449044972472819e-02,1.206276922746108392e-02,1.651840791871208580e-01,9.909967198893241402e-01,-3.181816456239942165e-04,3.218076476364066518e-04
5.203107243600782539e+01,3.121825698628775285e+02,-1.124267209534872240e-02,1.238457687509749057e-02,1.651763612522429980e-01,9.909457861373311971e-01,-3.181819187145270428e-04,3.218078475794462073e-04
5.219624879726006839e+01,3.131735156490148597e+02,-1.156085401406324945e-02,1.270638472267693678e-02,1.651685792158517074e-01,9.908940252058755505e-01,-3.181814058764702996e-04,3.218072786049051143e-04
5.236141737647592009e+01,3.141644096742207353e+02,-1.187903541993971974e-02,1.302819200128184189e-02,1.651643815639474155e-01,9.908730456102716744e-01,-3.181823687234824893e-04,3.218081472245414021e-04
5.252658175803986751e+01,3.151552827198310069e+02,-1.219721778866320223e-02,1.335000014850638329e-02,1.651601160678026758e-01,9.908510394395761978e-01,-3.181825458204289719e-04,3.218075118129534729e-04
5.269174187410767018e+01,3.161461337592705831e+02,-1.251540033448363121e-02,1.367180766031933677e-02,1.651519772099092620e-01,9.907975169534779525e-01,-3.181826908582804925e-04,3.218068437046209262e-04
5.285689385131757945e+01,3.171369312762240611e+02,-1.283358302534191170e-02,1.399361450402395769e-02,1.651475394860284496e-01,9.908062235444958787e-01,-3.181820488849275430e-04,3.218090808033424732e-04
5.302204139080360790e+01,3.181277374997685570e+02,-1.315176507422683924e-02,1.431542358482730017e-02,1.651429539358062470e-01,9.907201161704506376e-01,-3.181821292321078409e-04,3.218068770414143215e-04
5.318718434473941414e+01,3.191184576159390076e+02,-1.346994720345894708e-02,1.463723046186871449e-02,1.651382608412177433e-01,9.907272227135308640e-01,-3.181821774279284393e-04,3.218075780785593226e-04
5.335232260558063189e+01,3.201091848386525385e+02,-1.378812938088687552e-02,1.495903803994727381e-02,1.651296173043377280e-01,9.906718222030121979e-01,-3.181837047269188423e-04,3.218082451286654461e-04
5.351745222288496961e+01,3.210998566608555507e+02,-1.410631308561379436e-02,1.528084628507593926e-02,1.651247933563340098e-01,9.906463518992154604e-01,-3.181821777236311377e-04,3.218074111776183382e-04
5.368257701624130362e+01,3.220905030127547661e+02,-1.442449526333742550e-02,1.560265369625355759e-02,1.651197802084922728e-01,9.905897721254177668e-01,-3.181821292812334750e-04,3.218080112963300071e-04
5.384769679644979590e+01,3.230810927848801839e+02,-1.474267739261865898e-02,1.592446170754988760e-02,1.651108194175492372e-01,9.905631397190290954e-01,-3.181835612927879503e-04,3.218071114220247275e-04
5.401280761586734513e+01,3.240716559245992130e+02,-1.506086095391144693e-02,1.624626881897191233e-02,1.651094325182000944e-01,9.905364034516992433e-01,-3.181819360237383987e-04,3.218076447371390203e-04
5.417791704838554523e+01,3.250621923280509122e+02,-1.537904288993518533e-02,1.656807646370905135e-02,1.651003423028569728e-01,9.905090979514739047e-01,-3.181817906660073386e-04,3.218081442274804693e-04
5.434301739068840220e+01,3.260527014260023861e+02,-1.569722468060119266e-02,1.688988460793653182e-02,1.650948180889173500e-01,9.904497093601776214e-01,-3.181831271144401618e-04,3.218071452370206698e-04
5.450811220877731955e+01,3.270431511353625638e+02,-1.601540780771563283e-02,1.721169175317355249e-02,1.650855174080874122e-01,9.904527678684189596e-01,-3.181829179558434695e-04,3.218090423341424255e-04
5.467319772618540696e+01,3.280336039032309827e+02,-1.633359072567147630e-02,1.753350079550769491e-02,1.650836154056634086e-01,9.903606827390945000e-01,-3.181826763692732762e-04,3.218065130526012729e-04
5.483828134159107037e+01,3.290239645859700772e+02,-1.665177340204074957e-02,1.785530730856029619e-02,1.650741025494326664e-01,9.903626020276874442e-01,-3.181824023236155818e-04,3.218083427258093543e-04
5.500335544414050304e+01,3.300143271879977647e+02,-1.696995580436436515e-02,1.817711565128610554e-02,1.650719835685876546e-01,9.903319514494910436e-01,-3.181820957881761891e-04,3.218072117151006550e-04
5.516842742770909069e+01,3.310046591394472557e+02,-1.728813790015254134e-02,1.849892286300120620e-02,1.650621732193400248e-01,9.902705887329830148e-01,-3.181832733157238802e-04,3.218089731521940611e-04
5.533348960092843072e+01,3.319949297281802387e+02,-1.760632117346826522e-02,1.882073183615340026e-02,1.650560904242084348e-01,9.902382987772284650e-01,-3.181829026728151544e-04,3.218063139904525638e-04
5.549854569135263915e+01,3.329851680269574672e+02,-1.792450407614108038e-02,1.914253815014385282e-02,1.650499004441599027e-01,9.902068682881122186e-01,-3.181824994476188662e-04,3.218080082617730264e-04
5.566359559179679906e+01,3.339753748952455794e+02,-1.824268657558869924e-02,1.946434615840562585e-02,1.650436033055200369e-01,9.901743910837694784e-01,-3.181820636092395904e-04,3.218082066657954043e-04
5.582863919510231909e+01,3.349655492863293489e+02,-1.856086863919793883e-02,1.978615436507142125e-02,1.650371123713227917e-01,9.901102123519081033e-01,-3.181831136419184525e-04,3.218083715676028911e-04
5.599367630747364188e+01,3.359556594986812570e+02,-1.887905175283985729e-02,2.010796273663902414e-02,1.650268589065859715e-01,9.900760927080796137e-01,-3.181826134501589132e-04,3.218070430175308527e-04
5.615870316638022786e+01,3.369457355913893366e+02,-1.919723436629001620e-02,2.042976977965655500e-02,1.650239825065895616e-01,9.900730332841476411e-01,-3.181820805527070528e-04,3.218071419518950260e-04
5.632372714888681742e+01,3.379358086246734842e+02,-1.951541644684272325e-02,2.075157692160845002e-02,1.650171687751864624e-01,9.900075956346654493e-01,-3.181830348836754696e-04,3.218086665231663368e-04
5.648874431766200388e+01,3.389258162203081497e+02,-1.983359948172639872e-02,2.107338558813161636e-02,1.650103349903417893e-01,9.899405903048545952e-01,-3.181824374485359153e-04,3.218072391661247478e-04
5.665375465265234567e+01,3.399157568106130043e+02,-2.015178191917493464e-02,2.139519282729774111e-02,1.649995693701171717e-01,9.899358285380799316e-01,-3.181833281476476039e-04,3.218072379797924654e-04
5.681875422202246284e+01,3.409056926391510842e+02,-2.046996524732258224e-02,2.171700006527753357e-02,1.650260291444922700e-01,9.899746410339957947e-01,-3.117014502468963555e-04,3.153192491646451823e-04
5.698378025116695511e+01,3.418956672801850800e+02,-2.078166669756947860e-02,2.203231931444217875e-02,1.649856347288576330e-01,9.898891490084906764e-01,-3.087974921716050980e-04,3.124133119777328105e-04
5.714876588589581274e+01,3.428855564291935707e+02,-2.109046418974108369e-02,2.234473262641991156e-02,1.649860527021047574e-01,9.898685138543896755e-01,-3.087954472970680375e-04,3.124133415607667497e-04
5.731375193859791750e+01,3.438754249430479604e+02,-2.139925963703815173e-02,2.265714596798067831e-02,1.649862746425441173e-01,9.898473536515552951e-01,-3.087948938860218817e-04,3.124133406383969302e-04
5.747873821324046162e+01,3.448652722966995157e+02,-2.170805453092417361e-02,2.296955930861907524e-02,1.649790174754599548e-01,9.897944402168263878e-01,-3.087927872158779952e-04,3.124133092389791422e-04
5.764371723071592157e+01,3.458550667369163421e+02,-2.201684731814005161e-02,2.328197261785805439e-02,1.649715707693459876e-01,9.897722105610569088e-01,-3.087921728932643828e-04,3.124132473908587670e-04
5.780868880148526756e+01,3.468448389474773990e+02,-2.232563949103331599e-02,2.359438586524891315e-02,1.649677520618340054e-01,9.897182084142173153e-01,-3.087915285436317048e-04,3.124131551232242621e-04
5.797365655354710157e+01,3.478345571558916163e+02,-2.263443101957694770e-02,2.390679902037213742e-02,1.649601930395760974e-01,9.896949089244344577e-01,-3.087893294397951738e-04,3.124130324637375278e-04
5.813861674658667766e+01,3.488242520648160507e+02,-2.294322034901674287e-02,2.421921205283587494e-02,1.649486265768871363e-01,9.896398176852585493e-01,-3.087901491813545285e-04,3.124128794415557964e-04
5.830356537316356480e+01,3.498138918825013093e+02,-2.325201049819809740e-02,2.453162493227743074e-02,1.649482282381669052e-01,9.896154479822030225e-01,-3.087894145842318139e-04,3.124126960849446522e-04
5.846851360140173171e+01,3.508035073304835123e+02,-2.356079991278232921e-02,2.484403762836237539e-02,1.649365516493546124e-01,9.895592672730799677e-01,-3.087886498491822229e-04,3.124124824221627406e-04
5.863345015305108632e+01,3.517930665977565923e+02,-2.386958856263151144e-02,2.515645011078453813e-02,1.649321313061733463e-01,9.895030318933777380e-01,-3.087893815325384872e-04,3.124136911260046168e-04
5.879838228435725966e+01,3.527825696296499700e+02,-2.417837794416404992e-02,2.546886380191054275e-02,1.649240695899933939e-01,9.895078523439337914e-01,-3.087870303264718397e-04,3.124119638392153231e-04
5.896330635394725306e+01,3.537720774819939038e+02,-2.448716497449052176e-02,2.578127576574975807e-02,1.649156307897854390e-01,9.894192342875385293e-01,-3.087892300655710465e-04,3.124131111661189453e-04
5.912822198473703850e+01,3.547614967162814423e+02,-2.479595420455609281e-02,2.609368887691587702e-02,1.649072758000542649e-01,9.894240064924701983e-01,-3.087883463891508140e-04,3.124142269399221572e-04
5.929312926053709276e+01,3.557509207227739125e+02,-2.510474255094524362e-02,2.640610310385579917e-02,1.649024451791447632e-01,9.893332772896314964e-01,-3.087889609077153208e-04,3.124124095314796679e-04
5.945803170571623752e+01,3.567402540000635440e+02,-2.541353151185295894e-02,2.671851551338727884e-02,1.648939805235158929e-01,9.893369992044540595e-01,-3.087864886536437203e-04,3.124134641006130753e-04
5.962292568623975342e+01,3.577295909992679981e+02,-2.572231800050660266e-02,2.703092897748789192e-02,1.648852289672007032e-01,9.892765100013889423e-01,-3.087870434818514032e-04,3.124115873573002355e-04
5.978781091520695412e+01,3.587188675092693870e+02,-2.603110504398845407e-02,2.734334056484519215e-02,1.648800906176148828e-01,9.892164771899274456e-01,-3.087875693679464906e-04,3.124125808354923095e-04
5.995269100582456900e+01,3.597080839864593145e+02,-2.633989261335640056e-02,2.765575314568068446e-02,1.648711347049882647e-01,9.891872635668619296e-01,-3.087880662848568880e-04,3.124135429053015445e-04
6.011756214052955727e+01,3.606972712500261764e+02,-2.664868067964125745e-02,2.796816668858598601e-02,1.648657896895997510e-01,9.891565075012636044e-01,-3.087885342057013205e-04,3.124115764656619498e-04
6.028242793021915702e+01,3.616864277575274400e+02,-2.695746921384695877e-02,2.828057826505164796e-02,1.648566295135509563e-01,9.890948524790132979e-01,-3.087889731034736129e-04,3.124124776162570671e-04
6.044728455973270798e+01,3.626755226100064533e+02,-2.726625818695043238e-02,2.859299074266790502e-02,1.648475593728804256e-01,9.890640449558532055e-01,-3.087863193955084351e-04,3.124133474447822467e-04
6.061213211910558840e+01,3.636645866549623065e+02,-2.757504450634594081e-02,2.890540409011268727e-02,1.648417153965837656e-01,9.890327137333088103e-01,-3.087897627756658325e-04,3.124141859805369681e-04
6.077697383450217217e+01,3.646536193686956153e+02,-2.788383426912160665e-02,2.921781827609322424e-02,1.648324424127523002e-01,9.889684122982203007e-01,-3.087870489933974838e-04,3.124120997405194222e-04
6.094180627691492447e+01,3.656425877809938356e+02,-2.819262131811500413e-02,2.953023037583374366e-02,1.648228776284241803e-01,9.889045817174633157e-01,-3.087873696348553132e-04,3.124128775858076024e-04
6.110662915454334865e+01,3.666314923627112989e+02,-2.850140868774985944e-02,2.984264325341955126e-02,1.648169168165267706e-01,9.889020422901921847e-01,-3.087876611169611263e-04,3.124107325197141016e-04
6.127144607135987542e+01,3.676203944050014911e+02,-2.881019634886682057e-02,3.015505398593926537e-02,1.648108516717812222e-01,9.888381743606373675e-01,-3.087879234127191563e-04,3.124143405888422931e-04
6.143625692303165664e+01,3.686092325793621285e+02,-2.911898427227953973e-02,3.046746832652810766e-02,1.648009797786684771e-01,9.888031445540832465e-01,-3.087881564951232283e-04,3.124121350028229160e-04
6.160105790281032512e+01,3.695980357239162117e+02,-2.942777242877466296e-02,3.077988046153093057e-02,1.647910071339708793e-01,9.887371559665893983e-01,-3.087883603368028751e-04,3.124127900014060655e-04
6.176584890994429600e+01,3.705867728798828011e+02,-2.973656078911146583e-02,3.109229325153233664e-02,1.647848299336445166e-01,9.887020903798315885e-01,-3.087854637776922540e-04,3.124134139082107575e-04
6.193063373987794051e+01,3.715754749702626327e+02,-3.004534625288915808e-02,3.140470666544054740e-02,1.647781569631519005e-01,9.886654577295530544e-01,-3.087886792413167825e-04,3.124111195620463133e-04
6.209541189684109241e+01,3.725641404279921858e+02,-3.035413493213047487e-02,3.171711778500259371e-02,1.647641797683263576e-01,9.885988885400252002e-01,-3.087887951979603751e-04,3.124145694660060424e-04
6.226017607660941877e+01,3.735527393165322110e+02,-3.066292372732843524e-02,3.202953235446859975e-02,1.647650896758179329e-01,9.885611833533971549e-01,-3.087858078257184336e-04,3.124122148845040470e-04
6.242494116628523670e+01,3.745413004998856081e+02,-3.097170953515415368e-02,3.234194456935310380e-02,1.647507114583461885e-01,9.885239960133844761e-01,-3.087889380864149158e-04,3.124127165178916532e-04
6.258969187774358289e+01,3.755298244958989926e+02,-3.128049847324056859e-02,3.265435728587099545e-02,1.647438219339534271e-01,9.884862838277967967e-01,-3.087889659130413356e-04,3.124131872033891755e-04
6.275443569967753632e+01,3.765183107797267894e+02,-3.158928743915360993e-02,3.296677047307438463e-02,1.647296422307675812e-01,9.884154603393540128e-01,-3.087858874800952780e-04,3.124107442855697525e-04
6.291916534190830390e+01,3.775067262400661434e+02,-3.189807332663370520e-02,3.327918121735995438e-02,1.647297335625239612e-01,9.883777301826057737e-01,-3.087889322954534554e-04,3.124140367472758029e-04
6.308389507547082786e+01,3.784951039702487492e+02,-3.220686225892915866e-02,3.359159525410723018e-02,1.647153517093684627e-01,9.883373664239343270e-01,-3.087857930174631171e-04,3.124115338786689899e-04
6.324861042718019633e+01,3.794834413366726835e+02,-3.251564805194662178e-02,3.390400678798589917e-02,1.647078499546594799e-01,9.882670283505490261e-01,-3.087887807339886881e-04,3.124147628456377945e-04
6.341331827713485580e+01,3.804717083650232325e+02,-3.282443683268061047e-02,3.421642155083153697e-02,1.647004447994291354e-01,9.882255907754142754e-01,-3.087886611317300356e-04,3.124122001400969628e-04
6.357801872193428494e+01,3.814599339557986468e+02,-3.313322549381234050e-02,3.452883375097163393e-02,1.646929356486097618e-01,9.882162660389894882e-01,-3.087885119617411744e-04,3.124124875430386861e-04
6.374271165758289470e+01,3.824481502218376363e+02,-3.344201400577408168e-02,3.484124623851467262e-02,1.646781545081168474e-01,9.881116732555597082e-01,-3.087852506625868299e-04,3.124127441993043708e-04
6.390738981209101155e+01,3.834362618950931960e+02,-3.375079925643666851e-02,3.515365898271397699e-02,1.646776084680539043e-01,9.881012974220197975e-01,-3.087881238575604370e-04,3.124129701371700096e-04
6.407206742055906545e+01,3.844243631925152158e+02,-3.405958738029422894e-02,3.546607195285114700e-02,1.646624202939932502e-01,9.880272055998489122e-01,-3.087878858201789645e-04,3.124131653855916069e-04
6.423672984085305870e+01,3.854123903981150647e+02,-3.436837526611440791e-02,3.577848511823673860e-02,1.646545001192123436e-01,9.880147253111317696e-01,-3.087876181057588876e-04,3.124104553823836561e-04
6.440138434097227105e+01,3.864004051234261965e+02,-3.467716288422016679e-02,3.609089557361912226e-02,1.646464760721499943e-01,9.879406327330571003e-01,-3.087873206866209586e-04,3.124134648267024028e-04
6.456603081704442104e+01,3.873883457561592536e+02,-3.498595020490678775e-02,3.640330903844582466e-02,1.646381410233885845e-01,9.878649156171945833e-01,-3.087900808325452773e-04,3.124135681787446051e-04
6.473066895806780963e+01,3.883762106717764482e+02,-3.529474028573933303e-02,3.671572260662456927e-02,1.646301158030638589e-01,9.878508607255298557e-01,-3.087866375783634987e-04,3.124107690578581398e-04
6.489529907387087349e+01,3.893640615325019780e+02,-3.560352692331769653e-02,3.702813337568242741e-02,1.646144248823873113e-01,9.878068056632400840e-01,-3.087862508810088058e-04,3.124136840837177242e-04
6.505991349875326080e+01,3.903518683381652181e+02,-3.591231317419870533e-02,3.734054705976614513e-02,1.646131342266841102e-01,9.877294814893389230e-01,-3.087889245275629579e-04,3.124136957967163508e-04
6.522452663297994491e+01,3.913395978196545570e+02,-3.622110209872626829e-02,3.765296075556286148e-02,1.645972391782919431e-01,9.876821940706577152e-01,-3.087884800825682619e-04,3.124108078134194000e-04
6.538912387215823685e+01,3.923272800137252148e+02,-3.652989057880883655e-02,3.796537156337628088e-02,1.645959441484308172e-01,9.876365471508279370e-01,-3.087880057688272006e-04,3.124136286805703766e-04
6.555371981630666767e+01,3.933149165608760427e+02,-3.683867858457766375e-02,3.827778519205685126e-02,1.645798463879799556e-01,9.875892912834842718e-01,-3.087875015589103267e-04,3.124135490122359471e-04
6.571829966269464762e+01,3.943025058521595270e+02,-3.714746608613657408e-02,3.859019874106908721e-02,1.645709956470682300e-01,9.875415088061458846e-01,-3.087869674253534980e-04,3.124134389403329659e-04
6.588287065834171585e+01,3.952900473609656729e+02,-3.745625305356192758e-02,3.890261218000942017e-02,1.645618288224568460e-01,9.874921068975481830e-01,-3.087894982734679106e-04,3.124104328695725963e-04
6.604743248716417270e+01,3.962775394678632210e+02,-3.776504255183539549e-02,3.921502261287899277e-02,1.645529825811706814e-01,9.874126377491734274e-01,-3.087858102322968423e-04,3.124131285956940896e-04
6.621198546974534338e+01,3.972649521056123945e+02,-3.807382836206769233e-02,3.952743574147468686e-02,1.645436072071220224e-01,9.873949892290738717e-01,-3.087882830073093721e-04,3.124129274847259330e-04
6.637652907695246540e+01,3.982523470948414683e+02,-3.838261664507500170e-02,3.983984866895941279e-02,1.645343406935637631e-01,9.873133564851741539e-01,-3.087876308158349348e-04,3.124126960839523903e-04
6.654106341764602917e+01,3.992396604513266425e+02,-3.869140427589083664e-02,4.015226136504336518e-02,1.645249706310210058e-01,9.872946730036460394e-01,-3.087869485634345268e-04,3.124124344226555938e-04
6.670558838827705017e+01,4.002269551243302885e+02,-3.900019122445427117e-02,4.046467379946602078e-02,1.645079517948460079e-01,9.872119669834660272e-01,-3.087893359377258395e-04,3.124121425288339804e-04
6.687009634007189618e+01,4.012141670913137546e+02,-3.930898056039199701e-02,4.077708594199485476e-02,1.645059216504876076e-01,9.871615816492749218e-01,-3.087854947226020830e-04,3.124146806882249772e-04
6.703460226172238379e+01,4.022013286729630295e+02,-3.961776605511459909e-02,4.108950062268307973e-02,1.644960239999448959e-01,9.871402420956201240e-01,-3.087878237517313607e-04,3.124114672631572720e-04
6.719909828572232868e+01,4.031884689150586496e+02,-3.992655387886633045e-02,4.140191208994623701e-02,1.644786984742410141e-01,9.870570345525493394e-01,-3.087901254828426256e-04,3.124139433135775246e-04
6.736357698419656970e+01,4.041755259496111989e+02,-4.023534400434917307e-02,4.171432603325981453e-02,1.644763515855771630e-01,9.870028549444214150e-01,-3.087861927978108323e-04,3.124106714095936654e-04
6.752805333578214686e+01,4.051625288045556204e+02,-4.054413019714698391e-02,4.202673670466940820e-02,1.644661403241514108e-01,9.869503678888804643e-01,-3.087884360210846335e-04,3.124130854649243005e-04
6.769251947610629827e+01,4.061494791724445008e+02,-4.085291863316806854e-02,4.233914979013433250e-02,1.644560434533275384e-01,9.868962440864947894e-01,-3.087875464033440487e-04,3.124126109875988155e-04
6.785697551955962581e+01,4.071363754165309956e+02,-4.116170617957141259e-02,4.265156240112193131e-02,1.642856733786430823e-01,9.863344929756863166e-01,-3.334053273683079688e-04,3.370638749476476126e-04
6.802126119293826889e+01,4.081227099095066819e+02,-4.149511150693972056e-02,4.298862627606957892e-02,1.642828358837675751e-01,9.859684966628492475e-01,-3.571868989881987755e-04,3.608682920816508322e-04
6.818554402882203647e+01,4.091086784061695312e+02,-4.185229840592791933e-02,4.334949456815122976e-02,1.643734998640837830e-01,9.860481306853898786e-01,-3.572119393255579478e-04,3.608807517010564903e-04
6.834991752868612025e+01,4.100947265368549211e+02,-4.220951034525347728e-02,4.371037531985228625e-02,1.642609166439683577e-01,9.858326200950955354e-01,-3.572151920987268192e-04,3.608731886720131787e-04
6.851417844533008861e+01,4.110805591569500166e+02,-4.256672553735220410e-02,4.407124850852429943e-02,1.642500820863119770e-01,9.857482428787420758e-01,-3.572246246350413434e-04,3.608769897069652455e-04
6.867842852741640058e+01,4.120663073998287587e+02,-4.292395016198724544e-02,4.443212549823126467e-02,1.642393212327704077e-01,9.856927921972555851e-01,-3.572309096234738135e-04,3.608750402881166774e-04
6.884266784864917099e+01,4.130520001920260142e+02,-4.328118107161071926e-02,4.479300053851938135e-02,1.642211158076918309e-01,9.856070196658492932e-01,-3.572371557390291441e-04,3.608787433193733074e-04
6.900688896445686282e+01,4.140376072116918635e+02,-4.363841822734974840e-02,4.515387928183875466e-02,1.642029958079689322e-01,9.855194116466918786e-01,-3.572402486610934402e-04,3.608795477421655740e-04
6.917109196026483176e+01,4.150231266233385554e+02,-4.399565847601084184e-02,4.551475882958092023e-02,1.641918030086060298e-01,9.854630103037038680e-01,-3.572464146733150825e-04,3.608803043215758066e-04
6.933528376327343778e+01,4.160085896336422593e+02,-4.435290489068415692e-02,4.587563913390249604e-02,1.641809156524942637e-01,9.854059309485023732e-01,-3.572463086744040450e-04,3.608810131082371142e-04
6.949946467892593205e+01,4.169939955645907617e+02,-4.471015119935856097e-02,4.623652014701073315e-02,1.641696570805777355e-01,9.853150978012763517e-01,-3.572492745601008046e-04,3.608788296071696600e-04
6.966363433600650978e+01,4.179793106623920380e+02,-4.506740047391866177e-02,4.659739897661790281e-02,1.641509698271477191e-01,9.852258235080739723e-01,-3.572521980069465197e-04,3.608822885370760458e-04
6.982778530583365750e+01,4.189645364859001120e+02,-4.542465267192560829e-02,4.695828126515497886e-02,1.641323737765532087e-01,9.851655254809656981e-01,-3.572519591239983749e-04,3.608800117603713775e-04
6.999191767961021071e+01,4.199497020113810777e+02,-4.578190463104960667e-02,4.731916127691535023e-02,1.641209196172894735e-01,9.850748539185474328e-01,-3.572516743647544124e-04,3.608833734116689840e-04
7.015603859922750019e+01,4.209347768652996251e+02,-4.613915630541436108e-02,4.768004465032701922e-02,1.641090915817358109e-01,9.850131728951510013e-01,-3.572544657545334568e-04,3.608810035633583380e-04
7.032014769080923600e+01,4.219197900381947761e+02,-4.649641077116889454e-02,4.804092565389037756e-02,1.640973487989754176e-01,9.849519528323753548e-01,-3.572540913266419871e-04,3.608814287239595076e-04
7.048424503960821141e+01,4.229047419910271515e+02,-4.685366486249553652e-02,4.840180708261433706e-02,1.640781932652117803e-01,9.848580481281601351e-01,-3.572536708761828161e-04,3.608818064506150169e-04
7.064832323287342319e+01,4.238896000391553116e+02,-4.721091853337171934e-02,4.876268888906495208e-02,1.640659365079528698e-01,9.847634313078401647e-01,-3.572563297764980161e-04,3.608821367942910419e-04
7.081238916938137606e+01,4.248743634704631518e+02,-4.756817486314821736e-02,4.912357102585924312e-02,1.640465034868725525e-01,9.847001299625048887e-01,-3.572558193669153614e-04,3.608824198059260024e-04
7.097643567286824862e+01,4.258590636004256567e+02,-4.792543068251513272e-02,4.948445344566516912e-02,1.640341962423832456e-01,9.846338437188251191e-01,-3.572552627886180221e-04,3.608769848909842981e-04
7.114046986911063186e+01,4.268436974441444818e+02,-4.828268594530375074e-02,4.984533043055615342e-02,1.640217456118193695e-01,9.845714854296261365e-01,-3.572546599920692345e-04,3.608828460845703301e-04
7.130449161472245123e+01,4.278282689295741079e+02,-4.863994060529581998e-02,5.020621327664072375e-02,1.640089164230289498e-01,9.844740849135291683e-01,-3.572571408195363007e-04,3.608829874066701859e-04
7.146850053114548018e+01,4.288127430144876371e+02,-4.899719774611535628e-02,5.056709626404739394e-02,1.639891607951398100e-01,9.843759716253543957e-01,-3.572533166650224135e-04,3.608830816011279752e-04
7.163248969194061999e+01,4.297971189861129915e+02,-4.935445106278037869e-02,5.092797934564852191e-02,1.639758124256616156e-01,9.843389907343862433e-01,-3.572588391758182991e-04,3.608774662524627530e-04
7.179646550436628161e+01,4.307814579768473777e+02,-4.971170990195619699e-02,5.128885681190098467e-02,1.639557812125929104e-01,9.842418121830291966e-01,-3.572549222415830061e-04,3.608831308538479332e-04
7.196042128557887452e+01,4.317656997890304069e+02,-5.006896482419777999e-02,5.164973994275483260e-02,1.639498684150169083e-01,9.841416038621559892e-01,-3.572540898533621556e-04,3.608830839704965654e-04
7.212437115399389143e+01,4.327498413928925629e+02,-5.042621891405114215e-02,5.201062302672532917e-02,1.639290816208074375e-01,9.841049139124038447e-01,-3.572563464392594645e-04,3.608829901626808834e-04
7.228830023561469886e+01,4.337339463068049668e+02,-5.078347526049040161e-02,5.237150601688801005e-02,1.639153969762503493e-01,9.840033229407936233e-01,-3.572585598231731163e-04,3.608828494816793131e-04
7.245221563259094921e+01,4.347179496297457604e+02,-5.114073382031357473e-02,5.273238886636968936e-02,1.638945708438797055e-01,9.838986798876021567e-01,-3.572575922291126860e-04,3.608770097203867211e-04
7.261611020343482892e+01,4.357018483096333625e+02,-5.149799141254268742e-02,5.309326587609007608e-02,1.638885592892620480e-01,9.838622943486257100e-01,-3.572503002753912860e-04,3.608824297431506567e-04
7.277999876272409097e+01,4.366857106039819882e+02,-5.185524171281807870e-02,5.345414830583322674e-02,1.638667305141439101e-01,9.837586064276138131e-01,-3.572586547400738444e-04,3.608821487462721134e-04
7.294386549323823488e+01,4.376694692104096021e+02,-5.221250036755815255e-02,5.381503045457949885e-02,1.638529583397883016e-01,9.836863754806017823e-01,-3.572544081672027194e-04,3.608818210792744119e-04
7.310771845157802318e+01,4.386531555858902038e+02,-5.256975477572535527e-02,5.417591227565877326e-02,1.638313336391234998e-01,9.836134635258417802e-01,-3.572563958510813209e-04,3.608814467925755554e-04
7.327154978521714668e+01,4.396367690494160456e+02,-5.292701117157643659e-02,5.453679372245134882e-02,1.638240178343295383e-01,9.835076775162292506e-01,-3.572583400444709345e-04,3.608810259365519135e-04
7.343537380305147622e+01,4.406202767269322749e+02,-5.328426951162090752e-02,5.489767474838790073e-02,1.638025976841532838e-01,9.834357413818111127e-01,-3.572539517767356343e-04,3.608861985949091133e-04
7.359917640073562950e+01,4.416037124683140860e+02,-5.364152346339764316e-02,5.525856094698280985e-02,1.637877719875149296e-01,9.833584069878043010e-01,-3.572558043529183713e-04,3.608800426849814724e-04
7.376296417272314443e+01,4.425870708753018903e+02,-5.399877926775056153e-02,5.561944098966779132e-02,1.637800160825975126e-01,9.832827477251271375e-01,-3.572576132941998606e-04,3.608794824255315281e-04
7.392674418880574194e+01,4.435703536230270174e+02,-5.435603688104476139e-02,5.598032047209332285e-02,1.637504712435173815e-01,9.831765408584374200e-01,-3.572593785531180677e-04,3.608845097288621018e-04
7.409049466004925932e+01,4.445535301638854548e+02,-5.471329625959787946e-02,5.634120498182218495e-02,1.637429205547817901e-01,9.831317513298358790e-01,-3.572548021646762550e-04,3.608838527201854718e-04
7.425423758060404111e+01,4.455366619152152907e+02,-5.507055106176255571e-02,5.670208883454237042e-02,1.637275183998667671e-01,9.830194168043817626e-01,-3.572564754151449917e-04,3.608775195826294246e-04
7.441796509900390788e+01,4.465196813320196725e+02,-5.542780753717770070e-02,5.706296635412499985e-02,1.637052655296997727e-01,9.829433899627701976e-01,-3.572518024194046293e-04,3.608824019919326664e-04
7.458167036453360765e+01,4.475026247219824427e+02,-5.578505933959710533e-02,5.742384875611693251e-02,1.636890830232147209e-01,9.828643064138873342e-01,-3.572596881337361530e-04,3.608816063413178288e-04
7.474535944755682237e+01,4.484854890283963300e+02,-5.614231902773084149e-02,5.778473036245825034e-02,1.636809512819894508e-01,9.827845406101118897e-01,-3.572549228343935290e-04,3.608807645770553685e-04
7.490904039883881183e+01,4.494682735690064419e+02,-5.649957395056523501e-02,5.814561112703530571e-02,8.926448579899215474e-02,5.360131783890551560e-01,-1.948650768931400878e-04,1.968464237678962947e-04
