Sigma_1,Sigma_2,Epsilon_1,Epsilon_2,dSigma_1,dSigma_2,dEpsilon_1,dEpsilon_2
-0.000000000000000000e+00,-0.000000000000000000e+00,0.000000000000000000e+00,0.000000000000000000e+00,6.600066217666624713e-01,1.980005337649333397e+00,-4.827194316958475432e-07,7.562929890888696643e-06
6.600066217666624713e-01,1.980005337649333397e+00,-4.827194316958475432e-07,7.562929890888696643e-06,6.600120641763136398e-01,1.980050784474680414e+00,-4.827663218816652356e-07,7.563012389552665488e-06
1.320018685942976111e+00,3.960056122124013811e+00,-9.654857535775127788e-07,1.512594228044136213e-05,6.600234074749873336e-01,1.980070123984536856e+00,-4.827428170101871013e-07,7.562971925284906269e-06
1.980042093417963445e+00,5.940126246108550667e+00,-1.448228570587699880e-06,2.268891420572626840e-05,6.600327837914223839e-01,1.980098165871646998e+00,-4.827427772686031559e-07,7.562971477836882134e-06
2.640074877209385829e+00,7.920224411980197665e+00,-1.930971347856303036e-06,3.025188568356315053e-05,6.600420408835323549e-01,1.980125730872035028e+00,-4.827430103093046754e-07,7.562972485191739758e-06
3.300116918092918183e+00,9.900350142852232693e+00,-2.413714358165607711e-06,3.781485816875489029e-05,6.600514171719567003e-01,1.980154726366119888e+00,-4.827426975630111894e-07,7.562970581884577003e-06
3.960168335264874884e+00,1.188050486921835258e+01,-2.896457055728618901e-06,4.537782875063946729e-05,6.600605550253630938e-01,1.980181814417985464e+00,-4.827431125698043108e-07,7.562971588372574333e-06
4.620228890290237977e+00,1.386068668363633805e+01,-3.379200168298423212e-06,5.294080033901204163e-05,6.600704081215686969e-01,1.980210809828845342e+00,-4.827426180788725988e-07,7.562969684242603773e-06
5.280299298411806674e+00,1.584089749346518339e+01,-3.861942786377295810e-06,6.050377002325464540e-05,6.600793075290658507e-01,1.980238851519379395e+00,-4.827428510083968087e-07,7.562970689863795018e-06
5.940378605940872525e+00,1.782113634498456278e+01,-4.344685637385692619e-06,6.806674071311844042e-05,6.600886837571469101e-01,1.980264985679710321e+00,-4.827430840491699025e-07,7.562971695029567141e-06
6.600467289698019435e+00,1.980140133066427310e+01,-4.827428721434862522e-06,7.562971240814800756e-05,6.600980599755459366e-01,1.980294934774082805e+00,-4.827425895571561059e-07,7.562972699739960798e-06
7.260565349673565372e+00,2.178169626543835591e+01,-5.310171310992018627e-06,8.319268510788796836e-05,6.601074361746608332e-01,1.980322976352663744e+00,-4.827428225976759368e-07,7.562973703772958491e-06
7.920672785848226205e+00,2.376201924179101965e+01,-5.792914133589694564e-06,9.075565881166092685e-05,6.601172891960986888e-01,1.980349110207960450e+00,-4.827426918160531550e-07,7.562968887689594673e-06
8.580790075044324894e+00,2.574236835199898010e+01,-6.275656825405747719e-06,9.831862769935052152e-05,6.601257116940733027e-01,1.980379059371927042e+00,-4.827432886792161951e-07,7.562975711182916695e-06
9.240915786738398197e+00,2.772274741137090714e+01,-6.758400114084963914e-06,1.058816034105334382e-04,6.601355646896678309e-01,1.980407100492818984e+00,-4.827427940749722270e-07,7.562965073815844440e-06
9.901051351428066027e+00,2.970315451186372613e+01,-7.241142908159936141e-06,1.134445684843492827e-04,6.601454176633634319e-01,1.980435142244768798e+00,-4.827430271156902636e-07,7.562977716371439515e-06
1.056119676909142946e+01,3.168358965410849493e+01,-7.723885935275626405e-06,1.210075462007207222e-04,6.601533632965903564e-01,1.980463183244900449e+00,-4.827425326215131448e-07,7.562967078491783578e-06
1.122135013238801982e+01,3.366405283735339538e+01,-8.206628467897139550e-06,1.285705132792125057e-04,6.601641699078122372e-01,1.980489316945138967e+00,-4.827427655509573102e-07,7.562968080190792149e-06
1.188151430229583205e+01,3.564454215429853434e+01,-8.689371233448096860e-06,1.361334813594032979e-04,6.601730691708560528e-01,1.980519266248052190e+00,-4.827429987026696971e-07,7.562980721338333863e-06
1.254168737146668811e+01,3.762506142054658653e+01,-9.172114232150766557e-06,1.436964620807416318e-04,6.601819684196286175e-01,1.980545399429900044e+00,-4.827432317435850924e-07,7.562970082134812862e-06
1.320186933988631672e+01,3.960560681997648658e+01,-9.654857463894351649e-06,1.512594321628764446e-04,6.601918213288637816e-01,1.980575348249082879e+00,-4.827427371371778022e-07,7.562971082467929984e-06
1.386206116121518050e+01,4.158618216822556946e+01,-1.013760020103152945e-05,1.588224032453443746e-04,6.602007205491329245e-01,1.980601481742212400e+00,-4.827429701778407817e-07,7.562972082345736403e-06
1.452226188176431343e+01,4.356678364996778186e+01,-1.062034317120937023e-05,1.663853753276901110e-04,6.602105734299037465e-01,1.980631430515543911e+00,-4.827424755704797323e-07,7.562973081768259226e-06
1.518247245519421718e+01,4.554741508048332577e+01,-1.110308564677984997e-05,1.739483484094583702e-04,6.602194726216641385e-01,1.980661378741672252e+00,-4.827427086108886019e-07,7.562962441271854240e-06
1.584269192781588131e+01,4.752807645922499802e+01,-1.158582835539073857e-05,1.815113108507302245e-04,6.602293254619553409e-01,1.980683697219838280e+00,-4.827429417625484729e-07,7.562975079335599714e-06
1.650292125327783666e+01,4.950876015644483630e+01,-1.206857129715328704e-05,1.890742859300658242e-04,6.602372709743953294e-01,1.980717460743690594e+00,-4.827424471541066095e-07,7.562964438326719467e-06
1.716315852425223198e+01,5.148947761718852689e+01,-1.255131374430739365e-05,1.966372503683925437e-04,6.602480774480739001e-01,1.980743595205083807e+00,-4.827426800834643775e-07,7.562988714059591926e-06
1.782340660170030588e+01,5.347022121239361070e+01,-1.303405642439085803e-05,2.042002390824521356e-04,6.602569765818593339e-01,1.980769726497769057e+00,-4.827429132350954493e-07,7.562954794139062874e-06
1.848366357828216522e+01,5.545099093889137976e+01,-1.351679933762595348e-05,2.117631938765911985e-04,6.602658757013735169e-01,1.980799675709569385e+00,-4.827431462759295295e-07,7.562967429983853077e-06
1.914392945398353874e+01,5.743179061460094914e+01,-1.399954248390188301e-05,2.193261613065750515e-04,6.602766821276304654e-01,1.980825809433596874e+00,-4.827433793169855322e-07,7.562980065331373954e-06
1.980420613611116920e+01,5.941261642403454601e+01,-1.448228586321886854e-05,2.268891413719064255e-04,6.602855812465406871e-01,1.980855757308958687e+00,-4.827421570561506441e-07,7.562969422264596668e-06
2.046449171735770989e+01,6.139347218134350470e+01,-1.496502802027501918e-05,2.344521107941710222e-04,6.602944802925705403e-01,1.980881890975439319e+00,-4.827438453990755149e-07,7.562982056525665653e-06
2.112478619765028043e+01,6.337435407231894402e+01,-1.544777186567409470e-05,2.420150928506966878e-04,6.603033793848567257e-01,1.980911838758807164e+00,-4.827426232483057820e-07,7.562971412724585341e-06
2.178508957703513715e+01,6.535526591107775118e+01,-1.593051448892240048e-05,2.495780642634212732e-04,6.603122784330892614e-01,1.980937970800738412e+00,-4.827428561778363447e-07,7.562960768954323475e-06
2.244540185546822642e+01,6.733620388187848960e+01,-1.641325734510023682e-05,2.571410250323755966e-04,6.603230847834531403e-01,1.980967920012972172e+00,-4.827430893296385172e-07,7.562973401540001948e-06
2.310572494025167956e+01,6.931717180189146177e+01,-1.689600043442987534e-05,2.647039984339155986e-04,6.603319838358849836e-01,1.980997867641079324e+00,-4.827418670650089215e-07,7.562962756813473766e-06
2.376605692408756454e+01,7.129816966953254109e+01,-1.737874230149488426e-05,2.722669611907290723e-04,6.603408828058263680e-01,1.981020185381666465e+00,-4.827435554111643760e-07,7.562975388756762452e-06
2.442639780689339091e+01,7.327918985491420756e+01,-1.786148585690604864e-05,2.798299365794858348e-04,6.603516891452798632e-01,1.981050134611308522e+00,-4.827423331455827152e-07,7.562988019536864837e-06
2.508674949603867077e+01,7.526023998952551608e+01,-1.834422819005163135e-05,2.873929245990226996e-04,6.603586808076542525e-01,1.981080080321177661e+00,-4.827425662968766679e-07,7.562954097246378255e-06
2.574710817684632502e+01,7.724132006984669374e+01,-1.882697075634850802e-05,2.949558786962690779e-04,6.603694870437095688e-01,1.981110031359889945e+00,-4.827442544237725618e-07,7.562990003624888921e-06
2.640747766389003459e+01,7.922243010120658369e+01,-1.930971501077228058e-05,3.025188686998939668e-04,6.603783860671157413e-01,1.981132345183041821e+00,-4.827415771806814416e-07,7.562956081174374099e-06
2.706785604995715033e+01,8.120356244638962551e+01,-1.979245658795296203e-05,3.100818247810683409e-04,6.603891922709408391e-01,1.981169926138647952e+00,-4.827432653080211808e-07,7.562968710134046826e-06
2.772824524222809117e+01,8.318473237252827346e+01,-2.027519985326098321e-05,3.176447934912023877e-04,6.603961838780705307e-01,1.981184611715306687e+00,-4.827434983491940741e-07,7.562981338596612858e-06
2.838864142610616170e+01,8.516591698424358015e+01,-2.075794335161017728e-05,3.252077748297990006e-04,6.604069901322020542e-01,1.981222190793175741e+00,-4.827422763013913603e-07,7.562970691155513486e-06
2.904904841623836376e+01,8.714713917503675589e+01,-2.124068562791156864e-05,3.327707455209545141e-04,6.604158890217490807e-01,1.981252137989727657e+00,-4.827425092305831099e-07,7.562960043079451113e-06
2.970946430526011284e+01,8.912839131302648354e+01,-2.172342813714215175e-05,3.403337055640339652e-04,6.604247878970213037e-01,1.981274455194167672e+00,-4.827427422710275549e-07,7.562972670310797157e-06
3.036988909315713414e+01,9.110966576822065122e+01,-2.220617087941317931e-05,3.478966782343447623e-04,6.604355940633830357e-01,1.981304404406827757e+00,-4.827429753116922284e-07,7.562985296379173741e-06
3.103032468722051718e+01,9.309097017262747897e+01,-2.268891385472487153e-05,3.554596635307239361e-04,6.604444929082653459e-01,1.981326719318303731e+00,-4.827432083525872949e-07,7.562974647248020023e-06
3.169076918012878252e+01,9.507229689194578270e+01,-2.317165706307745883e-05,3.630226381779719561e-04,6.604514844353630565e-01,1.981364298437213733e+00,-4.827434415047282806e-07,7.562963998147874487e-06
3.235122066456414558e+01,9.705366119038299644e+01,-2.365440050458218711e-05,3.705856021761198306e-04,6.604641979067693569e-01,1.981386615410812624e+00,-4.827422192306051396e-07,7.562976622763094899e-06
3.301168486247091494e+01,9.903504780579380906e+01,-2.413714272381279225e-05,3.781485787988829255e-04,6.604711894072536893e-01,1.981416562273423665e+00,-4.827424522707683696e-07,7.562965972929052913e-06
3.367215605187816863e+01,1.010164643680672327e+02,-2.461988517608356062e-05,3.857115447718119784e-04,6.604819954977187990e-01,1.981438879073920134e+00,-4.827426853111518282e-07,7.562978596458282219e-06
3.433263804737588742e+01,1.029979032471411529e+02,-2.510262786139471245e-05,3.932745233682702606e-04,6.604889869714796191e-01,1.981476458239356475e+00,-4.827429183517690679e-07,7.562967945890235362e-06
3.499312703434736704e+01,1.049793797053805093e+02,-2.558537077974648151e-05,4.008374913141604960e-04,6.605036076293941960e-01,1.981498772493807792e+00,-4.827431513926065362e-07,7.562957294909270108e-06
3.565363064197676124e+01,1.069608784778743171e+02,-2.606811393113908805e-05,4.084004486090697661e-04,6.605067844767873453e-01,1.981528724148773790e+00,-4.827433844336676211e-07,7.562993190455950549e-06
3.631413742645354858e+01,1.089424072020230909e+02,-2.655085731557275567e-05,4.159634417995257166e-04,6.605214051006242926e-01,1.981551033069195000e+00,-4.827436174749557109e-07,7.562935992022515146e-06
3.697465883155417288e+01,1.109239582350922859e+02,-2.703360093304771138e-05,4.235263777915482318e-04,6.605283966268373774e-01,1.981588617349899550e+00,-4.827409399867230915e-07,7.562971886705249086e-06
3.763518722818101025e+01,1.129055468524421855e+02,-2.751634187303443447e-05,4.310893496782534809e-04,6.605353879243835991e-01,1.981610936534437428e+00,-4.827440835568000540e-07,7.563007779919051713e-06
3.829572261610539385e+01,1.148871577889766229e+02,-2.799908595659123453e-05,4.386523574581725326e-04,6.605461940200356707e-01,1.981640877683204849e+00,-4.827414061772349854e-07,7.562950581264926957e-06
3.895626881012542952e+01,1.168687986666598277e+02,-2.848182736276846951e-05,4.462153080394374595e-04,6.605569998738189952e-01,1.981670829551148927e+00,-4.827445496395456402e-07,7.562986473392955319e-06
3.961682580999924852e+01,1.188504694962109767e+02,-2.896457191240801515e-05,4.537782945128304149e-04,6.605678059392445789e-01,1.981693143096336485e+00,-4.827418721465933532e-07,7.562975819889485290e-06
4.027739361593849310e+01,1.208321626393073132e+02,-2.944731378455460851e-05,4.613412703327199002e-04,6.605747972911544252e-01,1.981723089377084079e+00,-4.827421052974502369e-07,7.562965165973205284e-06
4.093796841322964752e+01,1.228138857286843972e+02,-2.993005588985205874e-05,4.689042354986931054e-04,6.605817885104912079e-01,1.981753035594564949e+00,-4.827452487646465777e-07,7.562954511866105695e-06
4.159855020174013873e+01,1.247956387642789622e+02,-3.041280113861670532e-05,4.764671900105592111e-04,6.605964091173461838e-01,1.981782987646511174e+00,-4.827425713791861598e-07,7.562990401118504635e-06
4.225914661085748492e+01,1.267774217519254734e+02,-3.089554370999589148e-05,4.840301804116777158e-04,6.605995858498019402e-01,1.981812933921602848e+00,-4.827428043086557361e-07,7.562979746147566965e-06
4.291974619670728686e+01,1.287592346858470762e+02,-3.137828651430454722e-05,4.915931601578252827e-04,6.606142063034496914e-01,1.981835246930501171e+00,-4.827430374604172510e-07,7.562969090542099974e-06
4.358036040301073655e+01,1.307410699327775774e+02,-3.186102955176496447e-05,4.991561292483673827e-04,6.606211975867637420e-01,1.981865192963567779e+00,-4.827432703903374489e-07,7.562958435189414720e-06
4.424098160059750029e+01,1.327229351257411452e+02,-3.234377282215530192e-05,5.067190876835567974e-04,6.606320035612824881e-01,1.981879872296900658e+00,-4.827405931083709047e-07,7.562947779646018304e-06
4.490161360415878278e+01,1.347048149980380458e+02,-3.282651341526367282e-05,5.142820354632028157e-04,6.606389946891368936e-01,1.981925091082615609e+00,-4.827437364715109419e-07,7.562983665258316869e-06
4.556225259884791967e+01,1.366867400891206614e+02,-3.330925715173518376e-05,5.218450191284611326e-04,6.606498005025898124e-01,1.981955037109912610e+00,-4.827439696241736999e-07,7.562973008629308817e-06
4.622290239935050948e+01,1.386686951262305740e+02,-3.379200112135935746e-05,5.294079921370904414e-04,6.606606064354707541e-01,1.981969716091214195e+00,-4.827412921166050123e-07,7.562962351587653419e-06
4.688356300578598024e+01,1.406506648423217882e+02,-3.427474241347596248e-05,5.369709544886780948e-04,6.606675975156406366e-01,1.981999668395673098e+00,-4.827444357066956694e-07,7.562998235089444035e-06
4.754423060330162087e+01,1.426326645107174613e+02,-3.475748684918265815e-05,5.445339527237675389e-04,6.606784034219828072e-01,1.982044874673107415e+00,-4.827417581967688421e-07,7.562941036801671194e-06
4.820490900672360368e+01,1.446147093853905687e+02,-3.524022860737942699e-05,5.520968937605692101e-04,6.606853946138286915e-01,1.982059559937027871e+00,-4.827419912364848387e-07,7.562976919218067015e-06
4.886559440133743237e+01,1.465967689453275966e+02,-3.572297059861591183e-05,5.596598706797872771e-04,6.606962002091663066e-01,1.982089505601010160e+00,-4.827451348314679581e-07,7.562966260709160816e-06
4.952629060154659868e+01,1.485788584509286068e+02,-3.620571573344737978e-05,5.672228369404964379e-04,6.607070060738564621e-01,1.982104190645145536e+00,-4.827424573180039212e-07,7.563002141336080952e-06
5.018699760762045514e+01,1.505609626415737523e+02,-3.668845819076538371e-05,5.747858390818325188e-04,6.607139972238016412e-01,1.982149396715726652e+00,-4.827426903583975442e-07,7.562944942767391328e-06
5.084771160484425678e+01,1.525431120382894790e+02,-3.717120088112378125e-05,5.823487840245999102e-04,6.607248029158725444e-01,1.982179349376934852e+00,-4.827429233990147839e-07,7.562980822530636013e-06
5.150843640776012933e+01,1.545252913876664138e+02,-3.765394380452279603e-05,5.899117648471305462e-04,6.607356085909046328e-01,1.982194027065958153e+00,-4.827431564398556403e-07,7.562970162554912695e-06
5.216917201635103396e+01,1.565074854147323720e+02,-3.813668696096265167e-05,5.974747350096854589e-04,6.607425998527176603e-01,1.982239240387855261e+00,-4.827404790298922533e-07,7.562959502388478215e-06
5.282991461620375162e+01,1.584897246551202272e+02,-3.861942743999254393e-05,6.050376945120739371e-04,6.607534053455168532e-01,1.982253925182789089e+00,-4.827436225208122929e-07,7.562995379819820868e-06
5.349066802154926847e+01,1.604719785803030163e+02,-3.910217106251335622e-05,6.126006898918937580e-04,6.607603964268591312e-01,1.982283870540925363e+00,-4.827438556733530781e-07,7.562984718567883173e-06
5.415142841797612761e+01,1.624542624508439417e+02,-3.958491491818670930e-05,6.201636746104616411e-04,6.607712022006637653e-01,1.982313815835766491e+00,-4.827411780378011003e-07,7.562974057125451156e-06
5.481219962017679137e+01,1.644365762666797082e+02,-4.006765609622451040e-05,6.277266486675870923e-04,6.607820076402575182e-01,1.982343761067170362e+00,-4.827443217556582071e-07,7.562963395492091137e-06
5.547298162781704889e+01,1.664189200277468785e+02,-4.055040041798016861e-05,6.352896120630791834e-04,6.607889988430954986e-01,1.982358437637032011e+00,-4.827416441177413134e-07,7.562952733668345216e-06
5.613377062666014439e+01,1.684012784653839105e+02,-4.103314206209790992e-05,6.428525647967475286e-04,6.607998042484553025e-01,1.982403659148388897e+00,-4.827447878388645792e-07,7.562988607682391042e-06
5.679457043090859969e+01,1.703836821245322994e+02,-4.151588684993677450e-05,6.504155534044299197e-04,6.608106099654946775e-01,1.982418335544878119e+00,-4.827421101985895457e-07,7.562977944773250326e-06
5.745538104087409437e+01,1.723661004600771776e+02,-4.199862896013536404e-05,6.579785313492031700e-04,6.608176009668795814e-01,1.982463549420657500e+00,-4.827423433496666580e-07,7.562967281673398448e-06
5.811619864184097395e+01,1.743485640094978351e+02,-4.248137130348503070e-05,6.655414986308765685e-04,6.608284064901397414e-01,1.982478225459601617e+00,-4.827425763899586371e-07,7.562956618604771593e-06
5.877702704833111369e+01,1.763310422349574367e+02,-4.296411387987498934e-05,6.731044552494813401e-04,6.608353974648153439e-01,1.982508178556315670e+00,-4.827428094304539040e-07,7.562992489522878115e-06
5.943786244579592903e+01,1.783135504135137523e+02,-4.344685668930544324e-05,6.806674477390042182e-04,6.608462029576926966e-01,1.982538115097440823e+00,-4.827430424711931164e-07,7.562935290878077498e-06
6.009870864875362173e+01,1.802960885286111932e+02,-4.392959973177663636e-05,6.882303830298822957e-04,6.608570084335170236e-01,1.982568068251651994e+00,-4.827432754011268669e-07,7.562971161154661594e-06
6.075956565718713875e+01,1.822786565968628452e+02,-4.441234300717776323e-05,6.957933541910369573e-04,6.608639993663132373e-01,1.982582752097044931e+00,-4.827435085533356152e-07,7.563007029519146739e-06
6.142042965655345199e+01,1.842612393489598901e+02,-4.489508651573109884e-05,7.033563612205561040e-04,6.608748049924457746e-01,1.982627957762105098e+00,-4.827408311240327719e-07,7.562949831098233870e-06
6.208130446154589777e+01,1.862438673067219952e+02,-4.537782734685513161e-05,7.109193110516543379e-04,6.608817957197530291e-01,1.982642641434154029e+00,-4.827439745239408154e-07,7.562985698599694086e-06
6.274218625726565080e+01,1.882265099481561492e+02,-4.586057132137907243e-05,7.184822967502540320e-04,6.608926011348046359e-01,1.982687855863531468e+00,-4.827442076768271900e-07,7.562975032566966911e-06
6.340307885840045543e+01,1.902091978040196807e+02,-4.634331552905589962e-05,7.260452717828209989e-04,6.609072212379274447e-01,1.982702530609714131e+00,-4.827415302439871372e-07,7.562964366343853835e-06
6.406398607963838288e+01,1.921919003346293948e+02,-4.682605705929988676e-05,7.336082361491648527e-04,6.609103975854964119e-01,1.982732475044798548e+00,-4.827417631724572147e-07,7.562953700152074202e-06
6.472489647722387929e+01,1.941746328096741934e+02,-4.730879882247234397e-05,7.411711898493169269e-04,6.609173882516898857e-01,1.982762428537029109e+00,-4.827449068009421812e-07,7.562989564779422878e-06
6.538581386547556917e+01,1.961573952382112225e+02,-4.779154372927328615e-05,7.487341794140963498e-04,6.609320083113061628e-01,1.982792373029354849e+00,-4.827422292535290638e-07,7.562978897280637526e-06
6.604674587378687534e+01,1.981401876112405773e+02,-4.827428595852681522e-05,7.562971583113769873e-04,6.609389991374570172e-01,1.982807047013722013e+00,-4.827424624047349250e-07,7.562968229813294037e-06
6.670768487292433235e+01,2.001229946582542993e+02,-4.875702842093155014e-05,7.638601265411902813e-04,6.609536189709217524e-01,1.982852261708472952e+00,-4.827426953341062456e-07,7.562957561711583857e-06
6.736863849189525411e+01,2.021058469199627723e+02,-4.923977111626565639e-05,7.714230841029018652e-04,6.609529805534890556e-01,1.982866944823996391e+00,-4.827458389691032014e-07,7.562993423687190860e-06
6.802959147244874316e+01,2.040887138647867687e+02,-4.972251695523475959e-05,7.789860775265890561e-04,6.609676007525990826e-01,1.982912150226013637e+00,-4.827402509322204806e-07,7.562936225250231799e-06
6.869055907320134224e+01,2.060716260150127823e+02,-5.020525720616698007e-05,7.865490137518392879e-04,6.609822205369795256e-01,1.982926833168079384e+00,-4.827404839704863568e-07,7.562972086140986108e-06
6.935154129373832177e+01,2.080545528481808617e+02,-5.068799769013746642e-05,7.941119858379802740e-04,6.609815818829787304e-01,1.982956786998215648e+00,-4.827465380951290988e-07,7.563007945341794491e-06
7.001252287562130050e+01,2.100375096351790773e+02,-5.117074422823259552e-05,8.016749937833220685e-04,6.609962020406925376e-01,1.982986721327137047e+00,-4.827409500505011088e-07,7.562950746907003835e-06
7.067351907766199304e+01,2.120204963565062144e+02,-5.165348517828309663e-05,8.092379445302290723e-04,6.610031927753539094e-01,1.983016675214628322e+00,-4.827411830894310588e-07,7.562986605244895709e-06
7.133452227043734695e+01,2.140035130317208427e+02,-5.213622636137252769e-05,8.168009311354739680e-04,6.610178120724867767e-01,1.983031337864730403e+00,-4.827472371121520204e-07,7.562929407132980460e-06
7.199554008250983372e+01,2.159865443695855731e+02,-5.261897359848467971e-05,8.243638605426069485e-04,6.610248031920349376e-01,1.983076563061899833e+00,-4.827416491707942872e-07,7.562965264164191875e-06
7.265656488570186866e+01,2.179696209326474730e+02,-5.310171524765547400e-05,8.319268258067711403e-04,6.610317938848027097e-01,1.983091245620613563e+00,-4.827418822104086399e-07,7.563001120392985263e-06
7.331759667958667137e+01,2.199527121782680865e+02,-5.358445712986588264e-05,8.394898269271641256e-04,6.610464135480782488e-01,1.983136450839623421e+00,-4.827421152502398330e-07,7.562943921839582889e-06
7.397864309313474962e+01,2.219358486291077099e+02,-5.406719924511612247e-05,8.470527708490037085e-04,6.610457752321252656e-01,1.983151133224765772e+00,-4.827423482903014191e-07,7.562979776983740424e-06
7.463968886836687489e+01,2.239189997623324757e+02,-5.454994159340642389e-05,8.546157506259874489e-04,6.610680238396895447e-01,1.983181087421229449e+00,-4.827425813305933982e-07,7.563015630438060452e-06
7.530075689220656443e+01,2.259021808497537052e+02,-5.503268417473701729e-05,8.621787662564255094e-04,6.610673855006865551e-01,1.983211020643864231e+00,-4.827428143711022177e-07,7.562958431887043323e-06
7.596182427770725099e+01,2.278853918703975694e+02,-5.551542698910811951e-05,8.697417246883125527e-04,6.610820050958494676e-01,1.983240974897512388e+00,-4.827430474118482064e-07,7.562994284478555262e-06
7.662290628280310045e+01,2.298686328452950818e+02,-5.599817003651996771e-05,8.773047189727911080e-04,6.610889957048016186e-01,1.983255635518162308e+00,-4.827432804528042592e-07,7.562937086250521961e-06
7.728399527850790207e+01,2.318518884808132441e+02,-5.648091331697277197e-05,8.848676560590416299e-04,6.610959863022713989e-01,1.983300862004597320e+00,-4.827435134939907051e-07,7.562972937535570282e-06
7.794509126481017347e+01,2.338351893428178414e+02,-5.696365683046676268e-05,8.924306289965772002e-04,6.611106058444704558e-01,1.983315544006359232e+00,-4.827437465354007676e-07,7.563008788018308996e-06
7.860620187065464393e+01,2.358185048868242006e+02,-5.744640057700216344e-05,8.999936377845955092e-04,6.611175964115290071e-01,1.983360749042049065e+00,-4.827439795770412231e-07,7.562951589349005410e-06
7.926731946706617293e+01,2.378018656358662497e+02,-5.792914455657920467e-05,9.075565893739445146e-04,6.611245874323827820e-01,1.983375430870125911e+00,-4.827383916016259892e-07,7.562987438747216691e-06
7.992844405449855572e+01,2.397852410667363756e+02,-5.841188294818083066e-05,9.151195768126917313e-04,6.611392064601915308e-01,1.983405362957654461e+00,-4.827444456581808348e-07,7.562930240178960747e-06
8.058958326095874725e+01,2.417686464296940301e+02,-5.889462739383901149e-05,9.226825070528706920e-04,6.611461969853564824e-01,1.983435317364694583e+00,-4.827446787004921404e-07,7.562966088492753015e-06
8.125072945794410373e+01,2.437520817470587247e+02,-5.937737207253950363e-05,9.302454731413634451e-04,6.611531874990106417e-01,1.983465271984300671e+00,-4.827449117430270627e-07,7.563001935338752382e-06
8.191188264544311437e+01,2.457355470190430253e+02,-5.986011698428253070e-05,9.378084750767021974e-04,6.611678074160067808e-01,1.983479930575242633e+00,-4.827393236462421719e-07,7.562944736773098524e-06
8.257305045285912115e+01,2.477190269496182680e+02,-6.034285630792877287e-05,9.453714198134752960e-04,6.611671684919713243e-01,1.983525158350886386e+00,-4.827453778259691605e-07,7.562980582756398222e-06
8.323421762135109248e+01,2.497025521079691543e+02,-6.082560168575474203e-05,9.529344003962316942e-04,6.611894173130536956e-01,1.983539839795184889e+00,-4.827397897240139806e-07,7.563016427272230280e-06
8.389540703866414617e+01,2.516860919477643392e+02,-6.130834147547875601e-05,9.604974168235039245e-04,6.611887783582659495e-01,1.983585044647611539e+00,-4.827458439098125014e-07,7.562959228487242322e-06
8.455659581702241212e+01,2.536696769924119508e+02,-6.179108731938856851e-05,9.680603760519911668e-04,6.612033982225398177e-01,1.983599702155032674e+00,-4.827402558026734798e-07,7.562902030567447698e-06
8.521779921524495194e+01,2.556532766945669835e+02,-6.227382757519124199e-05,9.756232780825586145e-04,6.612103881601285593e-01,1.983629680662346573e+00,-4.827463099945570853e-07,7.563030915029578249e-06
8.587900960340508050e+01,2.576369063752293300e+02,-6.275657388518579907e-05,9.831863089975881927e-04,6.612173790822879482e-01,1.983644337765269938e+00,-4.827407218822545509e-07,7.562973715803753688e-06
8.654022698248736845e+01,2.596205507129946000e+02,-6.323931460706805363e-05,9.907492827133919464e-04,6.612319984051708843e-01,1.983704816248689440e+00,-4.827409550319899630e-07,7.562916517886777990e-06
8.720145898089253933e+01,2.616042555292432894e+02,-6.372205556210004359e-05,9.983121992312787244e-04,6.612389882893410231e-01,1.983704247533580656e+00,-4.827470091219450117e-07,7.563045397907582762e-06
8.786269796918188035e+01,2.635879597767768701e+02,-6.420480257122198860e-05,1.005875244629186307e-03,6.612459791811318155e-01,1.983734153346688345e+00,-4.827414210018768793e-07,7.562895160630103003e-06
8.852394394836301217e+01,2.655716939301235584e+02,-6.468754399222386548e-05,1.013438139789816410e-03,6.612605984510935286e-01,1.983794681606582344e+00,-4.827416540412811678e-07,7.563024038159411183e-06
8.918520454681410570e+01,2.675554886117301407e+02,-6.517028564626514665e-05,1.021001163827975821e-03,6.612675888048329398e-01,1.983794063286154596e+00,-4.827418870809022967e-07,7.562966839259497795e-06
8.984647213561893864e+01,2.695392826750162953e+02,-6.565302753334604894e-05,1.028564130667235319e-03,6.612745791470899803e-01,1.983823993132034502e+00,-4.827421201207402661e-07,7.562909641224560900e-06
9.050774671476602862e+01,2.715231066681483298e+02,-6.613576965346678921e-05,1.036127040308459880e-03,6.612891983640736271e-01,1.983853973476925603e+00,-4.827423532718309309e-07,7.563038514313193822e-06
9.116903591313010224e+01,2.735069606416252554e+02,-6.661851200673862014e-05,1.043690078822773074e-03,6.612961886759478602e-01,1.983883903379762614e+00,-4.827425862010938313e-07,7.562981315194271595e-06
9.183033210180605010e+01,2.754908445450050181e+02,-6.710125459293971397e-05,1.051253060137967345e-03,6.613031789762970902e-01,1.983913832943130728e+00,-4.827428192416229795e-07,7.562924116718714937e-06
9.249163528078234719e+01,2.774747583779481488e+02,-6.758399741218133695e-05,1.058815984254686060e-03,6.613101692651071062e-01,1.983943788138446962e+00,-4.827430522823554157e-07,7.562959952680950795e-06
9.315294545004745430e+01,2.794587021660865958e+02,-6.806674046446369237e-05,1.066378944207367011e-03,6.613247884139781263e-01,1.983943193193738352e+00,-4.827432853233182448e-07,7.562995786732388745e-06
9.381427023846143243e+01,2.814426453592803341e+02,-6.854948374978701061e-05,1.073941939994099400e-03,6.613317786724053349e-01,1.984003672596202250e+00,-4.827435184755473219e-07,7.562938588481478777e-06
9.447560201713383776e+01,2.834266490318765364e+02,-6.903222726826255793e-05,1.081504878582580879e-03,6.613463977835181140e-01,1.984033628060785759e+00,-4.827437514059350820e-07,7.562974421670759159e-06
9.513694841491735588e+01,2.854106826599373221e+02,-6.951497101966849302e-05,1.089067853004251638e-03,6.613533880115767261e-01,1.984033032693162113e+00,-4.827439844475755375e-07,7.563010253614074405e-06
9.579830180292893260e+01,2.873947156926304842e+02,-6.999771500411606855e-05,1.096630863257865712e-03,6.613603782281245458e-01,1.984093512505580748e+00,-4.827442174894328334e-07,7.562953055144372438e-06
9.645966218115705715e+01,2.893788092051360650e+02,-7.048045922160550139e-05,1.104193816313010085e-03,6.613673689985404280e-01,1.984092916733231959e+00,-4.827386294411930949e-07,7.562988885782091428e-06
9.712102955015559758e+01,2.913629021218692969e+02,-7.096319785104669448e-05,1.111756805198792176e-03,6.613819874799560239e-01,1.984153396696228810e+00,-4.827446835710467836e-07,7.562931687635698549e-06
9.778241153763555360e+01,2.933470555185655257e+02,-7.144594253461774127e-05,1.119319736886427875e-03,6.613889776546102439e-01,1.984152800519325410e+00,-4.827449166135817059e-07,7.562967517411259971e-06
9.844380051529016384e+01,2.953312083190848512e+02,-7.192868745123132297e-05,1.126882704403839135e-03,6.613959683946717405e-01,1.984182756061215969e+00,-4.827393284465405143e-07,7.563003346163117702e-06
9.910519648368483558e+01,2.973153910751460671e+02,-7.241142677967786349e-05,1.134445707750002252e-03,6.614105868115842668e-01,1.984243236434053870e+00,-4.827453828075732112e-07,7.562946147576105060e-06
9.976660707049641985e+01,2.992996343115801210e+02,-7.289417216248543670e-05,1.142008653897578357e-03,6.614175775289794501e-01,1.984242639834064903e+00,-4.827397945243190993e-07,7.562981975022366535e-06
1.004280246480253993e+02,3.012838769514141859e+02,-7.337691195700975580e-05,1.149571635872600724e-03,6.614245670694032242e-01,1.984272595645109050e+00,-4.827458487803874734e-07,7.563017801223096553e-06
1.010894492150948025e+02,3.032681495470592949e+02,-7.385965780579014327e-05,1.157134653673823821e-03,6.614315577714791061e-01,1.984302523305984778e+00,-4.827402607140280060e-07,7.562960602417291914e-06
1.017508807728662816e+02,3.052524520703652797e+02,-7.434239806650417128e-05,1.164697614276241112e-03,6.614461761048318067e-01,1.984332479174099717e+00,-4.827463148651320573e-07,7.562996427756081205e-06
1.024123269489711134e+02,3.072367845495393794e+02,-7.482514438136930333e-05,1.172260610703997194e-03,6.614531667842413754e-01,1.984362406523757727e+00,-4.827407266825867746e-07,7.562939229273802494e-06
1.030737801157553548e+02,3.092211469560631372e+02,-7.530788510805189011e-05,1.179823549933270996e-03,6.620124117067263114e-01,1.985919431309241645e+00,-1.773450320465580379e-05,2.977613359306718541e-05
1.037357925274620811e+02,3.112070663873723788e+02,-9.304238831270769390e-05,1.209599683526338182e-03,6.635376620138373482e-01,1.986034500972834849e+00,-2.153181110677043373e-05,3.445686979634560859e-05
1.043993301894759185e+02,3.131931008883452137e+02,-1.145741994194781276e-04,1.244056553322683790e-03,6.608169053161390138e-01,1.986525008575256379e+00,-2.290428309338488479e-05,3.597151855663934493e-05
1.050601470947920575e+02,3.151796258969204700e+02,-1.374784825128630124e-04,1.280028071879323135e-03,6.621596388679620304e-01,1.986436710272471373e+00,-2.434665747721659139e-05,3.756003949347366290e-05
1.057223067336600195e+02,3.171660626071929414e+02,-1.618251399900796038e-04,1.317588111372796798e-03,6.622276731154812524e-01,1.986546157899624632e+00,-2.598380851690193266e-05,3.935624975262303621e-05
1.063845344067755008e+02,3.191526087650925660e+02,-1.878089485069815365e-04,1.356944361125419834e-03,6.622707201253774656e-01,1.986643422764984734e+00,-2.782362362114179492e-05,4.136745481716445211e-05
1.070468051269008782e+02,3.211392521878575508e+02,-2.156325721281233314e-04,1.398311815942584286e-03,6.623146294158601677e-01,1.986743124456666010e+00,-2.990432839125559844e-05,4.363378294417971127e-05
1.077091197563167384e+02,3.231259953123142168e+02,-2.455369005193789298e-04,1.441945598886763998e-03,6.623762662008800817e-01,1.986894485405628075e+00,-3.227544229001582179e-05,4.620660082198398654e-05
1.083714960225176185e+02,3.251128897977198449e+02,-2.778123428093947516e-04,1.488152199708747984e-03,6.624402966407245685e-01,1.986999206566167686e+00,-3.500042634572861572e-05,4.915194872368022772e-05
1.090339363191583431e+02,3.270998890042860126e+02,-3.128127691551233673e-04,1.537304148432428212e-03,6.625195384795290465e-01,1.987149528145209842e+00,-3.816226736248643035e-05,5.255573989489093455e-05
1.096964558576378721e+02,3.290870385324312224e+02,-3.509750365176097977e-04,1.589859888327319146e-03,6.626159305111514186e-01,1.987294726273887591e+00,-4.187083562079321319e-05,5.653118754480311071e-05
1.103590717881490235e+02,3.310743332587051100e+02,-3.928458721384030109e-04,1.646391075872122257e-03,6.627419608925748662e-01,1.987490104656899348e+00,-4.627496452422379331e-05,6.123133926770195530e-05
1.110218137490415984e+02,3.330618233633620093e+02,-4.391208366626268042e-04,1.707622415139824212e-03,6.628880927762992314e-01,1.987658845000851215e+00,-5.157952401420236614e-05,6.686680700891960323e-05
1.116847018418178976e+02,3.350494822083628605e+02,-4.907003606768291703e-04,1.774489222148743816e-03,6.631184310746505162e-01,1.987907404111354026e+00,-5.807420302545828871e-05,7.373268273591377514e-05
1.123478202728925481e+02,3.370373896124742146e+02,-5.487745637022874590e-04,1.848221904884657591e-03,6.634205095648582073e-01,1.988205850151643972e+00,-6.617739207167845465e-05,8.225475829450284819e-05
1.130112407824574063e+02,3.390255954626258585e+02,-6.149519557739659137e-04,1.930476663179160439e-03,6.638869187137714789e-01,1.988566926102748766e+00,-7.651056640525712594e-05,9.306227075101545024e-05
1.136751277011711778e+02,3.410141623887286073e+02,-6.914625221792230396e-04,2.023538933930175889e-03,6.646013768702374591e-01,1.989089109024916979e+00,-9.001983307071613656e-05,1.071070089016606074e-04
1.143397290780414153e+02,3.430032514977535243e+02,-7.814823552499391762e-04,2.130645942831836497e-03,6.657286373460351570e-01,1.989936009824020857e+00,-1.081759235050722872e-04,1.258595225678842307e-04
1.150054577153874504e+02,3.449931875075775451e+02,-8.896582787550114634e-04,2.256505465399720727e-03,6.674544257978283213e-01,1.991227230465653975e+00,-1.332747591246147972e-04,1.515959541158484226e-04
1.156729121411852788e+02,3.469844147380431991e+02,-1.022933037879626261e-03,2.408101419515569150e-03,6.697391676369193192e-01,1.993144992384202396e+00,-1.687524182098815335e-04,1.876799182767663159e-04
1.163426513088221981e+02,3.489775597304274015e+02,-1.191685456089507794e-03,2.595781337792335466e-03,6.436867397096648347e-01,1.980255862590752258e+00,-2.212246354383548292e-04,2.405166822064572045e-04
1.169863380485318629e+02,3.509578155930181538e+02,-1.412910091527862623e-03,2.836298019998792670e-03,6.631177512059736046e-01,1.989221834779812070e+00,-2.863760269779392752e-04,3.054367877961651837e-04
1.176494557997378365e+02,3.529470374277979658e+02,-1.699286118505801899e-03,3.141734807794957854e-03,6.863203458544404612e-01,2.005159766838858104e+00,-3.587586872332241411e-04,3.766917026853055205e-04
1.183357761455922770e+02,3.549521971946368240e+02,-2.058044805739026040e-03,3.518426510480263374e-03,6.519932510545771720e-01,1.981213402843934546e+00,-4.257154348923991236e-04,4.415347678774516650e-04
1.189877693966468541e+02,3.569334105974807585e+02,-2.483760240631425163e-03,3.959961278357715039e-03,6.531617852778879296e-01,1.980044887614837990e+00,-4.668956172814097381e-04,4.805228682181550762e-04
1.196409311819247421e+02,3.589134554850955965e+02,-2.950655857912834901e-03,4.440484146575870116e-03,6.596149206954748934e-01,1.984301133551923613e+00,-4.882450981254396298e-04,5.001076704755748684e-04
1.203005461026202170e+02,3.608977566186475201e+02,-3.438900956038274531e-03,4.940591817051444984e-03,6.614646140594970802e-01,1.985358447456064823e+00,-4.985076483133218939e-04,5.091099659762909208e-04
1.209620107166797141e+02,3.628831150661035849e+02,-3.937408604351596425e-03,5.449701783027735905e-03,6.617937437368652809e-01,1.985382750663006846e+00,-5.032682186789719236e-04,5.130313923163154488e-04
1.216238044604165793e+02,3.648684978167665918e+02,-4.440676823030568349e-03,5.962733175344051353e-03,6.618136722496359425e-01,1.985162605946698022e+00,-5.054983294350131814e-04,5.147211010767451661e-04
1.222856181326662153e+02,3.668536604227132898e+02,-4.946175152465581530e-03,6.477454276420796520e-03,6.617640094716108479e-01,1.984999178320663304e+00,-5.065821520726047217e-04,5.154614081681581708e-04
1.229473821421378261e+02,3.688386596010339531e+02,-5.452757304538186252e-03,6.992915684588954690e-03,6.617160406689492902e-01,1.984840740946879123e+00,-5.071353394894553487e-04,5.157963062496122644e-04
1.236090981828067754e+02,3.708235003419808322e+02,-5.959892644027641601e-03,7.508711990838566955e-03,6.616749977753215717e-01,1.984708097338852895e+00,-5.074324005281362002e-04,5.159553819654369433e-04
1.242707731805820970e+02,3.728082084393196851e+02,-6.467325044555777801e-03,8.024667372804003898e-03,6.616411272871260962e-01,1.984605500362306429e+00,-5.075981104583288453e-04,5.160357698865396942e-04
1.249324143078692231e+02,3.747928139396819915e+02,-6.974923155014106646e-03,8.540703142690543592e-03,6.616067872063666755e-01,1.984485874917822912e+00,-5.076960078524159550e-04,5.160775024286058665e-04
1.255940210950755898e+02,3.767772998145998145e+02,-7.482619162866522601e-03,9.056780645119149459e-03,6.615762878579687367e-01,1.984387260467315173e+00,-5.077533676039408875e-04,5.161005840720739313e-04
1.262555973829335585e+02,3.787616870750671296e+02,-7.990372530470463489e-03,9.572881229191223390e-03,6.615396927555252660e-01,1.984313216057444151e+00,-5.077896441234470981e-04,5.161146416963295624e-04
1.269171370756890838e+02,3.807460002911245738e+02,-8.498162174593910587e-03,1.008899587088755295e-02,6.615188954773429941e-01,1.984202902637605348e+00,-5.078115607456135105e-04,5.161219054126385541e-04
1.275786559711664268e+02,3.827302031937621791e+02,-9.005973735339524097e-03,1.060511777630019151e-02,6.614829044690395676e-01,1.984119610293191727e+00,-5.078251057490257986e-04,5.161268100578198653e-04
1.282401388756354663e+02,3.847143228040553709e+02,-9.513798841088549896e-03,1.112124458635801137e-02,6.614615972273725220e-01,1.984032795880636968e+00,-5.078332724064577031e-04,5.161300968561065294e-04
1.289016004728628388e+02,3.866983555999360078e+02,-1.002163211349500760e-02,1.163737468321411790e-02,6.614242707375979080e-01,1.983942449172786837e+00,-5.078398145588157442e-04,5.161317690675036596e-04
1.295630247436004368e+02,3.886822980491087947e+02,-1.052947192805382334e-02,1.215350645228162156e-02,6.613862499363847292e-01,1.983818223393598146e+00,-5.078432223053781086e-04,5.161333013046845442e-04
1.302244109935368215e+02,3.906661162725023928e+02,-1.103731515035920145e-02,1.266963975358630611e-02,6.613775105117838393e-01,1.983752814544459397e+00,-5.078449967532479986e-04,5.161346937834297016e-04
1.308857885040486053e+02,3.926498690870468522e+02,-1.154516014711244945e-02,1.318577444736973581e-02,6.613224205160577185e-01,1.983652396121783568e+00,-5.078466428302501334e-04,5.161330070422940480e-04
1.315471109245646630e+02,3.946335214831686358e+02,-1.205300678994269958e-02,1.370190745441202985e-02,6.612965099814402947e-01,1.983550709860935513e+00,-5.078474058637857946e-04,5.161355927611396832e-04
1.322084074345461033e+02,3.966170721930295713e+02,-1.256085419580648538e-02,1.421804304717316954e-02,6.612693977457695382e-01,1.983444898418952107e+00,-5.078487938412409863e-04,5.161351004470456777e-04
1.328696768322918729e+02,3.986005170914485234e+02,-1.306870298964772636e-02,1.473417814762021522e-02,6.612413884845409484e-01,1.983367083733583058e+00,-5.078485423711410346e-04,5.161344715043734294e-04
1.335309182207764138e+02,4.005838841751821064e+02,-1.357655153201886740e-02,1.525031261912458865e-02,6.611972379182873283e-01,1.983255911800995364e+00,-5.078481594384034320e-04,5.161351729527589166e-04
1.341921154586947011e+02,4.025671400869831018e+02,-1.408439969145727083e-02,1.576644779207734756e-02,6.611668427995311959e-01,1.983141758710075919e+00,-5.078491568627011010e-04,5.161357359257344457e-04
1.348532823014942323e+02,4.045502818456931777e+02,-1.459224884831997193e-02,1.628258352800308201e-02,6.611353474100098992e-01,1.983055067955490358e+00,-5.078500247281958480e-04,5.161346953444535812e-04
1.355144176489042422e+02,4.065333369136486681e+02,-1.510009887304816778e-02,1.679871822334753559e-02,6.610879409040819610e-01,1.982934976872343213e+00,-5.078492492804325548e-04,5.161349835212797332e-04
1.361755055898083242e+02,4.085162718905210113e+02,-1.560794812232860033e-02,1.731485320686881532e-02,6.610544747695996648e-01,1.982811901987417968e+00,-5.078483415707889942e-04,5.161351338622520435e-04
1.368365600645779239e+02,4.104990837925084293e+02,-1.611579646389938933e-02,1.783098834073106737e-02,6.610347065916926113e-01,1.982716919911240439e+00,-5.078488164923233850e-04,5.161351465811751804e-04
1.374975947711696165e+02,4.124818007124196697e+02,-1.662364528039171271e-02,1.834712348731224255e-02,6.609838217846970565e-01,1.982619594374625649e+00,-5.078491610587647365e-04,5.161364841617874233e-04
1.381585785929543135e+02,4.144644203067942954e+02,-1.713149444145047745e-02,1.886325997147402997e-02,6.609468516587355680e-01,1.982518142227206681e+00,-5.078493750710968979e-04,5.161347592491406788e-04
1.388195254446130491e+02,4.164469384490215020e+02,-1.763934381652157435e-02,1.937939473072317065e-02,6.609087837488232253e-01,1.982383817206823551e+00,-5.078494583297503417e-04,5.161358211406424923e-04
1.394804342283618723e+02,4.184293222662283256e+02,-1.814719327485132469e-02,1.989553055186381314e-02,6.608696184731286394e-01,1.982277049678316416e+00,-5.078494106357626936e-04,5.161352839901482692e-04
1.401413038468350010e+02,4.204115993159066420e+02,-1.865504268548708738e-02,2.041166583585396141e-02,6.608293562516109887e-01,1.982136184141552349e+00,-5.078492317890474783e-04,5.161346102813962888e-04
1.408021332030866120e+02,4.223937355000481944e+02,-1.916289191727613486e-02,2.092780044613535770e-02,6.608027368457953798e-01,1.982055278683844790e+00,-5.078504413081330604e-04,5.161352587275819248e-04
1.414629359399324073e+02,4.243757907787320391e+02,-1.967074235858426792e-02,2.144393570486293962e-02,6.607455336598206941e-01,1.981909108148954601e+00,-5.078484806109104244e-04,5.161357687811646278e-04
1.421236814735922280e+02,4.263576998868809937e+02,-2.017859083919517835e-02,2.196007147364410425e-02,6.608235192051381546e-01,1.982014320352107006e+00,-4.957402533067520323e-04,5.040065625356547618e-04
1.427845049927973662e+02,4.283397142072331008e+02,-2.067433109250193038e-02,2.246407803617975901e-02,6.606567200774406956e-01,1.981759435858123197e+00,-4.928356013790928525e-04,5.011036884559165461e-04
1.434451617128748069e+02,4.303214736430912239e+02,-2.116716669388102323e-02,2.296518172463567556e-02,6.606511186486159204e-01,1.981684725761283516e+00,-4.928319234988702557e-04,5.011059760370445426e-04
1.441058128315234228e+02,4.323031583688525075e+02,-2.165999861737989349e-02,2.346628770067272010e-02,6.606442130348568753e-01,1.981606694831270943e+00,-4.928296438822775405e-04,5.011066796185986716e-04
1.447664570445582797e+02,4.342847650636837784e+02,-2.215282826126217103e-02,2.396739438029131877e-02,6.605917125087614750e-01,1.981462804831664926e+00,-4.928257168598515481e-04,5.011058023079231760e-04
1.454270487570670412e+02,4.362662278685154433e+02,-2.264565397812202258e-02,2.446850018259924195e-02,6.605528795217878724e-01,1.981347384023308678e+00,-4.928231892392803681e-04,5.011048005784841941e-04
1.460876016365888290e+02,4.382475752525387520e+02,-2.313847716736130294e-02,2.496960498317772614e-02,6.605130104931618007e-01,1.981260492808758045e+00,-4.928205380963675275e-04,5.011036746183743229e-04
1.467481146470819908e+02,4.402288357453475101e+02,-2.363129770545767047e-02,2.547070865779610047e-02,6.604716446691725196e-01,1.981109512664147587e+00,-4.928208162518210589e-04,5.011053284409219821e-04
1.474085862917511633e+02,4.422099452580116576e+02,-2.412411852170949153e-02,2.597181398623702245e-02,6.604294678856206247e-01,1.981017127896905095e+00,-4.928194477844052845e-04,5.011039516710710795e-04
1.480690157596367840e+02,4.441909623859085627e+02,-2.461693796949389682e-02,2.647291793790809353e-02,6.603862524819703594e-01,1.980859339888809245e+00,-4.928179575123051159e-04,5.011024512341297199e-04
1.487294020121187543e+02,4.461718217257973720e+02,-2.510975592700620193e-02,2.697402038914222325e-02,6.603415300957919953e-01,1.980731358360856120e+00,-4.928194027751173212e-04,5.011037267814363871e-04
1.493897435422145463e+02,4.481525530841582281e+02,-2.560257532978131925e-02,2.747512411592365963e-02,6.602964692251021006e-01,1.980631992080077453e+00,-4.928161418570053964e-04,5.011048746777733987e-04
1.500500400114396484e+02,4.501331850762383056e+02,-2.609539147163832465e-02,2.797622899060143303e-02,1.800754246368114764e-01,5.401391323116513377e-01,-1.344073472043724737e-04,1.366638072344342203e-04
