Sigma_1,Sigma_2,Epsilon_1,Epsilon_2,dSigma_1,dSigma_2,dEpsilon_1,dEpsilon_2
-0.000000000000000000e+00,-0.000000000000000000e+00,0.000000000000000000e+00,0.000000000000000000e+00,3.337589825333485027e+00,4.005088226395312923e+00,7.811747538646845567e-06,1.188022798229226475e-05
3.337589825333485027e+00,4.005088226395312923e+00,7.811747538646845567e-06,1.188022798229226475e-05,3.337672963440032614e+00,4.005227258059867346e+00,7.811567191705681766e-06,1.188022944979939389e-05
6.675262788773517642e+00,8.010315484455180268e+00,1.562331473035252733e-05,2.376045743209165864e-05,3.337828345685103670e+00,4.005394425683091342e+00,7.811656053081164212e-06,1.188022945990492216e-05
1.001309113445862131e+01,1.201570991013827161e+01,2.343497078343369155e-05,3.564068689199658080e-05,3.337960602768223595e+00,4.005551581793143967e+00,7.811659057925103257e-06,1.188022801356623397e-05
1.335105173722684491e+01,1.602126149193141558e+01,3.124662984135879480e-05,4.752091490556281477e-05,3.338091907950067494e+00,4.005709693884348610e+00,7.811656241549969255e-06,1.188022947576811454e-05
1.668914364517691240e+01,2.002697118581576419e+01,3.905828608290876406e-05,5.940114438133092931e-05,3.338223215016977719e+00,4.005867808166467370e+00,7.811656335410476187e-06,1.188022802588791383e-05
2.002736686019389012e+01,2.403283899398223156e+01,4.686994241831924025e-05,7.128137240721884314e-05,3.338353570213353549e+00,4.006025924674425198e+00,7.811656428792091019e-06,1.188022657460467420e-05
2.336572043040724367e+01,2.803886491865665676e+01,5.468159884711133126e-05,8.316159898182351733e-05,3.338485834711107714e+00,4.006184043594707589e+00,7.811656521250799081e-06,1.188023094182051880e-05
2.670420626511835138e+01,3.204504896225136434e+01,6.249325536836213035e-05,9.504182992364403613e-05,3.338618101174560593e+00,4.006340257048336184e+00,7.811659523808731726e-06,1.188022948714899830e-05
3.004282436629291198e+01,3.605138921929970053e+01,7.030491489217086207e-05,1.069220594107930344e-04,3.338746554355864760e+00,4.006496472659755170e+00,7.811656705374999342e-06,1.188022803063056650e-05
3.338157092064877673e+01,4.005788569195945570e+01,7.811657159754586141e-05,1.188022874414236009e-04,3.338880732048160382e+00,4.006656505624718534e+00,7.811659706707783533e-06,1.188022657270932617e-05
3.672045165269693712e+01,4.406454219758417423e+01,8.592823130425364495e-05,1.306825140141329271e-04,3.339013003931988521e+00,4.006816540883363587e+00,7.811656887361884756e-06,1.188022511294131007e-05
4.005946465662892564e+01,4.807135873846753782e+01,9.373988819161552970e-05,1.425627391270742372e-04,3.339145277664890443e+00,4.006968948468937697e+00,7.811654067605371511e-06,1.188023529154929366e-05
4.339860993429381608e+01,5.207832768693647552e+01,1.015515422592209012e-04,1.544429744186235308e-04,3.339273738404422431e+00,4.007132802905893243e+00,7.811657067701026813e-06,1.188022218883685649e-05
4.673788367269823851e+01,5.608546048984236876e+01,1.093631993269219280e-04,1.663231966074603873e-04,3.339406015814738282e+00,4.007285214900051074e+00,7.811654246810383886e-06,1.188023236369705133e-05
5.007728968851297680e+01,6.009274570474241983e+01,1.171748535737323119e-04,1.782034289711574386e-04,3.339538295695845704e+00,4.007449074576889814e+00,7.811663066074848658e-06,1.188023089715393717e-05
5.341682798420882250e+01,6.410019477931930965e+01,1.249865166398071606e-04,1.900836598683113758e-04,3.339666761678167006e+00,4.007597674812501509e+00,7.811660244181223853e-06,1.188022942920832618e-05
5.675649474588698951e+01,6.810779245413181116e+01,1.327981768839883844e-04,2.019638892975197020e-04,3.339802859887470277e+00,4.007761538985818106e+00,7.811657422321046686e-06,1.188022795963830929e-05
6.009629760577445978e+01,7.211555399311762926e+01,1.406098343063094311e-04,2.138441172571580113e-04,3.339931329508267766e+00,4.007917774471920325e+00,7.811654599606328471e-06,1.188022648844391359e-05
6.343622893528272755e+01,7.612347176758954959e+01,1.484214889059157596e-04,2.257243437456019249e-04,3.340063616182021633e+00,4.008081643322867649e+00,7.811651776703094604e-06,1.188022501540323002e-05
6.677629255146474918e+01,8.013155341091241723e+01,1.562331406826188542e-04,2.376045687610051549e-04,3.340195905520786823e+00,4.008230252007308536e+00,7.811660593278304306e-06,1.188022354073827607e-05
7.011648845698553600e+01,8.413978366291972577e+01,1.640448012758971585e-04,2.494847923017434310e-04,3.340324380617445854e+00,4.008394127405779273e+00,7.811657769150193035e-06,1.188024534173973698e-05
7.345681283760298186e+01,8.814817779032550504e+01,1.718564590450473515e-04,2.613650376434831679e-04,3.340460488239031633e+00,4.008550369745051967e+00,7.811654944833566110e-06,1.188022058670339153e-05
7.679727332584201349e+01,9.215672816007055701e+01,1.796681139898809176e-04,2.732452582301865595e-04,3.340588966974138430e+00,4.008706616199759765e+00,7.811652120106460243e-06,1.188021910716603301e-05
8.013786229281615192e+01,9.616543477627031677e+01,1.874797661099873779e-04,2.851254773373525925e-04,3.340725079324798230e+00,4.008862867142894970e+00,7.811660934272139038e-06,1.188024090246570181e-05
8.347858737214095015e+01,1.001742976434132117e+02,1.952914270442595169e-04,2.970057182398182943e-04,3.340853561776043534e+00,4.009026747425735948e+00,7.811658108542254581e-06,1.188021614316486394e-05
8.681944093391699369e+01,1.041833243908389477e+02,2.031030851528017715e-04,3.088859343829831582e-04,3.340982047036064273e+00,4.009175371209508398e+00,7.811666921523334082e-06,1.188023793466364518e-05
9.016042298095305796e+01,1.081924997620484561e+02,2.109147520743251056e-04,3.207661723176468034e-04,3.341118163059491053e+00,4.009339258412495610e+00,7.811652455760138489e-06,1.188023644829955348e-05
9.350154114401254901e+01,1.122018390204609517e+02,2.187264045300852441e-04,3.326464087659463569e-04,3.341246652035579245e+00,4.009503145340815422e+00,7.811661267738520716e-06,1.188021168495680992e-05
9.684278779604812826e+01,1.162113421658017671e+02,2.265380657978237648e-04,3.445266204509031668e-04,3.341375140556380074e+00,4.009651775785442851e+00,7.811646801336296362e-06,1.188023347075469350e-05
1.001841629366045083e+02,1.202209939415872100e+02,2.343497125991600611e-04,3.564068539216578603e-04,3.341511264371447965e+00,4.009808037709063910e+00,7.811655612311981314e-06,1.188023197929750788e-05
1.035256742009759563e+02,1.242308019792962739e+02,2.421613682114720425e-04,3.682870859009553682e-04,3.341639758939777494e+00,4.009979566379854532e+00,7.811664422382520083e-06,1.188023048643871990e-05
1.068673139599157338e+02,1.282407815456761284e+02,2.499730326338545625e-04,3.801673163873940881e-04,3.341775884180862022e+00,4.010128197517929038e+00,7.811649955061976489e-06,1.188020571770749155e-05
1.102090898440965958e+02,1.322509097431940575e+02,2.577846825889165390e-04,3.920475221051015796e-04,3.341904382465287426e+00,4.010284472248002885e+00,7.811658764351971009e-06,1.188025076965544937e-05
1.135509942265618832e+02,1.362611942154420603e+02,2.655963413532685100e-04,4.039277728747570290e-04,3.342040514106216165e+00,4.010440743167976052e+00,7.811667572736710925e-06,1.188024927115122068e-05
1.168930347406680994e+02,1.402716349586100364e+02,2.734080089260052210e-04,4.158080221459082497e-04,3.342169013464243221e+00,4.010597009532119728e+00,7.811653104275993222e-06,1.188020122507287436e-05
1.202352037541323426e+02,1.442822319681421561e+02,2.812196620302812142e-04,4.276882233709811240e-04,3.342297517340725221e+00,4.010753291292758149e+00,7.811661911658334019e-06,1.188024627004778590e-05
1.235775012714730678e+02,1.482929852594349143e+02,2.890313239419395482e-04,4.395684696410289099e-04,3.342433651799353811e+00,4.010924827275772486e+00,7.811647442558641765e-06,1.188019822182884502e-05
1.269199349232724217e+02,1.523039100867106868e+02,2.968429713844981900e-04,4.514486678628577550e-04,3.342562159391832211e+00,4.011081114085868649e+00,7.811656248938475024e-06,1.188024326267332577e-05
1.302624970826642539e+02,1.563149912007965554e+02,3.046546276334366650e-04,4.633289111255310807e-04,3.342698300638886622e+00,4.011222130113452522e+00,7.811665054857197098e-06,1.188024175605297645e-05
1.336051953833031405e+02,1.603262133309100079e+02,3.124662926882938621e-04,4.752091528815840572e-04,3.342826808916271375e+00,4.011393680197045342e+00,7.811650584617520470e-06,1.188024024803151267e-05
1.369480221922194119e+02,1.643376070111070533e+02,3.202779432729113826e-04,4.870893931296155699e-04,3.342955322100834792e+00,4.011549958747110622e+00,7.811659389311853031e-06,1.188019219531004280e-05
1.402909775143202467e+02,1.683491569698541639e+02,3.280896026622232356e-04,4.989695853249256127e-04,3.343083833819463280e+00,4.011706254930743398e+00,7.811644918211428298e-06,1.188023722745060271e-05
1.436340613481397099e+02,1.723608632247849073e+02,3.359012475804346639e-04,5.108498225523762154e-04,3.343227618054157801e+00,4.011862545626144083e+00,7.811676997277177542e-06,1.188023571433837605e-05
1.469772889661938677e+02,1.763727257704110514e+02,3.437129245777118414e-04,5.227300582667145914e-04,3.343340865957515007e+00,4.012018838478496718e+00,7.811639250204457409e-06,1.188023420004707953e-05
1.503206298321513827e+02,1.803847446088895481e+02,3.515245638279162988e-04,5.346102924667616709e-04,3.343484654182788063e+00,4.012190400615367025e+00,7.811671327904166125e-06,1.188023268346746590e-05
1.536641144863341708e+02,1.843969350095049151e+02,3.593362351558204650e-04,5.464905251502291368e-04,3.343628437569066136e+00,4.012331430834734647e+00,7.811656855162692984e-06,1.188023116593061018e-05
1.570077429239032369e+02,1.884092664403396498e+02,3.671478920109831580e-04,5.583707563161597470e-04,3.343741693934731529e+00,4.012502997647800385e+00,7.811642382283797217e-06,1.188022964632759037e-05
1.603514846178379685e+02,1.924217694379874501e+02,3.749595343932669552e-04,5.702509859624873374e-04,3.343870223832226429e+00,4.012644031818098256e+00,7.811674457752922594e-06,1.188022812510173675e-05
1.636953548416701949e+02,1.964344134698055484e+02,3.827712088510198778e-04,5.821312140875890741e-04,3.344014008929377724e+00,4.012815603307217316e+00,7.811636709810726529e-06,1.188022660269724695e-05
1.670393688505995726e+02,2.004472290731127657e+02,3.905828455608306043e-04,5.940114406902863211e-04,3.344142538853475344e+00,4.012971909462493159e+00,7.811645510034785113e-06,1.188022507800454847e-05
1.703835113894530480e+02,2.044602009825752589e+02,3.983944910708653894e-04,6.058916657682908696e-04,3.344271074695257084e+00,4.013128217774635687e+00,7.811677583273327150e-06,1.188022355235525841e-05
1.737277824641483051e+02,2.084733292003498946e+02,4.062061686541387166e-04,6.177718893206461280e-04,3.344414869513997246e+00,4.013284528243332261e+00,7.811663108030545387e-06,1.188022202463969584e-05
1.770721973336623023e+02,2.124866137285932268e+02,4.140178317621692619e-04,6.296521113452858238e-04,3.344528135881802200e+00,4.013440840868554460e+00,7.811648633094159157e-06,1.188022049530184157e-05
1.804167254695441045e+02,2.165000545694617813e+02,4.218294803952634211e-04,6.415323318405876654e-04,3.344671942774255058e+00,4.013597155650558079e+00,7.811680703880344301e-06,1.188021896478556796e-05
1.837613974123183596e+02,2.205136517251123394e+02,4.296411610991437654e-04,6.534125508053732333e-04,3.344800469259126885e+00,4.013753483030484404e+00,7.811619682001550834e-06,1.188026396731786758e-05
1.871061978815774864e+02,2.245274052081428238e+02,4.374527807811453162e-04,6.652928147726911009e-04,3.344929023502317023e+00,4.013925060992193039e+00,7.811698297362299880e-06,1.188021589744610827e-05
1.904511269050798035e+02,2.285413302691350168e+02,4.452644790785076161e-04,6.771730306701372092e-04,3.345072818975239670e+00,4.014066113303130123e+00,7.811637275208661163e-06,1.188021436184156544e-05
1.937961997240550431e+02,2.325553963824381469e+02,4.530761163537162773e-04,6.890532450319787746e-04,3.345186102682021101e+00,4.014237717196323274e+00,7.811669343263469983e-06,1.188025935807107258e-05
1.971413858267370642e+02,2.365696340996344702e+02,4.608877856969797473e-04,7.009335043900498472e-04,3.345329910694971431e+00,4.014394032308928217e+00,7.811654866048144998e-06,1.188021128499180956e-05
2.004867157374320357e+02,2.405840281319433984e+02,4.686994405630278923e-04,7.128137156750416568e-04,3.345458454648252200e+00,4.014550360392348693e+00,7.811640388251470807e-06,1.188020974452147580e-05
2.038321741920802879e+02,2.445985784923357471e+02,4.765110809512793631e-04,7.246939254195631326e-04,3.345587009882393659e+00,4.014706702192057719e+00,7.811672454298066153e-06,1.188025473400496860e-05
2.071777612019626815e+02,2.486132851945278048e+02,4.843227534055774292e-04,7.365741801535681012e-04,3.345730823730605152e+00,4.014863023214758186e+00,7.811657975721362709e-06,1.188020665794057174e-05
2.105234920256932867e+02,2.526281482177425630e+02,4.921344113812987919e-04,7.484543868115086729e-04,3.345844106743868451e+00,4.015019369700070229e+00,7.811643497229389665e-06,1.188025164329683213e-05
2.138693361324371551e+02,2.566431675874426332e+02,4.999460548785281816e-04,7.603346384548055050e-04,3.345987934220545412e+00,4.015175694662502792e+00,7.811675560823899168e-06,1.188020356487288608e-05
2.172153240666577005e+02,2.606583432821051360e+02,5.077577304393520808e-04,7.722148420196783911e-04,3.346116487247854820e+00,4.015332033527670319e+00,7.811661081107970292e-06,1.188020201629391270e-05
2.205614405539055554e+02,2.646736753156328064e+02,5.155693915204600511e-04,7.840950440359723038e-04,3.346245041917882190e+00,4.015488387041102669e+00,7.811646601254781420e-06,1.188024699512717913e-05
2.239076855958234376e+02,2.686891637026739090e+02,5.233810381217148325e-04,7.959752910310994830e-04,3.346388865124993117e+00,4.015675285501686176e+00,7.811632121264115713e-06,1.188029197045858097e-05
2.272540744609484307e+02,2.727048389881755952e+02,5.311926702429789482e-04,8.078555830015580639e-04,3.346502167031900399e+00,4.015801051117705356e+00,7.811664182349781389e-06,1.188015083101990298e-05
2.306005766279803311e+02,2.767206400392933006e+02,5.390043344253287296e-04,8.197357338325779669e-04,3.346645994073810471e+00,4.015987980345187225e+00,7.811649701357421295e-06,1.188028885896477097e-05
2.339472226220541415e+02,2.807366280196384878e+02,5.468159841266861509e-04,8.316160226915427379e-04,3.346774566901615344e+00,4.016113774905022638e+00,7.811681760492390422e-06,1.188024077324522851e-05
2.372939971889557569e+02,2.847527417945435104e+02,5.546276658871785413e-04,8.434962634647879664e-04,3.346903130645500823e+00,4.016270113656389640e+00,7.811667278720055285e-06,1.188019268756265734e-05
2.406409003196012577e+02,2.887690119081999001e+02,5.624393331658985966e-04,8.553764561523506237e-04,3.347046963522501528e+00,4.016457025269744463e+00,7.811652796588740809e-06,1.188023765312940915e-05
2.439879472831237592e+02,2.927854689334696445e+02,5.702509859624873374e-04,8.672566938054800329e-04,3.347160263180512629e+00,4.016613368685455043e+00,7.811638314319841077e-06,1.188018956508815616e-05
2.473351075463042719e+02,2.968020823021550996e+02,5.780626242768071785e-04,8.791368833705681890e-04,3.347304111240759994e+00,4.016739196894548058e+00,7.811670370724355453e-06,1.188023452675102121e-05
2.506824116575450319e+02,3.008188214990496476e+02,5.858742946475315339e-04,8.910171178973192102e-04,3.347432682104681589e+00,4.016926116995591656e+00,7.811655887675805938e-06,1.188027948469106126e-05
2.540298443396497134e+02,3.048357476160452393e+02,5.936859505352073399e-04,9.028973973820102715e-04,3.347561254611292725e+00,4.017082466693125298e+00,7.811641404268168665e-06,1.188023139256128187e-05
2.573774055942610062e+02,3.088528300827383646e+02,6.014975919394755085e-04,9.147776287745715534e-04,3.347705108973002552e+00,4.017238817987390576e+00,7.811673458443021273e-06,1.188018330024718811e-05
2.607251107032340087e+02,3.128700689007257552e+02,6.093092653979185298e-04,9.266578120748187415e-04,3.347818417108669564e+00,4.017364654115453959e+00,7.811658974033798032e-06,1.188022825277174673e-05
2.640729291203426783e+02,3.168874335548412091e+02,6.171209243719523278e-04,9.385380403275904882e-04,3.347962263178885678e+00,4.017551585036358119e+00,7.811644489709142561e-06,1.188027320246111667e-05
2.674208913835215640e+02,3.209049851398775672e+02,6.249325688616614704e-04,9.504183135300516049e-04,3.348106123842001125e+00,4.017707942611991712e+00,7.811676541654767082e-06,1.188022510583742770e-05
2.707689975073635651e+02,3.249226930824895589e+02,6.327442454033162375e-04,9.622985386358890326e-04,3.348219437097327500e+00,4.017864301784356940e+00,7.811662056106589459e-06,1.188017700925114370e-05
2.741172169444608926e+02,3.289405573842739159e+02,6.405559074594228269e-04,9.741787156451401763e-04,3.348363289002406873e+00,4.018020693501625829e+00,7.811647570421477102e-06,1.188022195352579115e-05
2.774655802334632995e+02,3.329585780777755417e+02,6.483675550298443040e-04,9.860589375986659674e-04,3.348476605304426812e+00,4.018207635966575708e+00,7.811633084820932514e-06,1.188026689407858938e-05
2.808140568387677263e+02,3.369767857137421174e+02,6.561791881146652365e-04,9.979392044927445568e-04,3.348620473947846676e+00,4.018333453749789896e+00,7.811665134036319125e-06,1.188021879318314385e-05
2.841626773127155730e+02,3.409951191674919073e+02,6.639908532487015557e-04,1.009819423285927701e-03,3.348733793607721054e+00,4.018489852866252932e+00,7.811650647212577646e-06,1.188026372961163701e-05
2.875114111063232940e+02,3.450136090203581603e+02,6.718025038959141333e-04,1.021699687015539338e-03,3.348908204715030479e+00,4.018646222258496437e+00,7.811682694921465338e-06,1.188021562680257465e-05
2.908603193110383245e+02,3.490322552426166567e+02,6.796141865908355987e-04,1.033579902642341912e-03,3.348990975971389616e+00,4.018833142730272812e+00,7.811621672789673294e-06,1.188016752380963159e-05
2.942093102870097141e+02,3.530510883853469295e+02,6.874258082636252720e-04,1.045460070166151544e-03,3.349165405226926850e+00,4.018959032564282552e+00,7.811700253440340309e-06,1.188030548857250956e-05
2.975584756922366410e+02,3.570700474179112121e+02,6.952375085170656123e-04,1.057340375654724053e-03,3.349278718086679874e+00,4.019115374679927299e+00,7.811639231034245116e-06,1.188016434859107996e-05
3.009077544103233208e+02,3.610891627925911394e+02,7.030491477480998574e-04,1.069220540003315133e-03,3.349392060060722542e+00,4.019302369634601746e+00,7.811671275791500814e-06,1.188030230701961516e-05
3.042571464703840434e+02,3.651084651622257411e+02,7.108608190238913582e-04,1.081100842310334749e-03,3.349535928993077505e+00,4.019428164735018072e+00,7.811656786912654117e-06,1.188016116689181827e-05
3.076066823993771209e+02,3.691278933269607592e+02,7.186724758108040123e-04,1.092981003477226567e-03,3.349679799925468160e+00,4.019615165844129479e+00,7.811642297674611241e-06,1.188029911876483345e-05
3.109563621993025890e+02,3.731475084928048886e+02,7.264841181084786235e-04,1.104861302595991400e-03,3.349793147485570444e+00,4.019771515070829082e+00,7.811674340425008717e-06,1.188015797871249703e-05
3.143061553467881595e+02,3.771672800078757177e+02,7.342957924489036323e-04,1.116741460574703897e-03,3.349937007482310491e+00,4.019897419017524953e+00,7.811613318423863035e-06,1.188029592403020904e-05
3.176560923542704700e+02,3.811871774268932427e+02,7.421074057673274953e-04,1.128621756498734106e-03,3.350080913789497572e+00,4.020084323095545642e+00,7.811691891349481151e-06,1.188015478427581137e-05
3.210061732680599675e+02,3.852072617499887883e+02,7.499190976586769765e-04,1.140501911283009918e-03,3.350194237084224369e+00,4.020240784492102648e+00,7.811630869296076925e-06,1.188029272281639244e-05
3.243563675051441919e+02,3.892275025344808910e+02,7.577307285279730534e-04,1.152382204005826310e-03,3.350338132611170749e+00,4.020397140104591927e+00,7.811662909095167667e-06,1.188015158313810576e-05
3.277067056377553627e+02,3.932478996745854829e+02,7.655423914370682210e-04,1.164262355588964416e-03,3.350451474033775412e+00,4.020553606930036494e+00,7.811648417802561674e-06,1.188028951512381734e-05
3.310571571117891381e+02,3.972684532815155194e+02,7.733540398548707827e-04,1.176142645104088233e-03,3.350595373706255486e+00,4.020710003019587475e+00,7.811680455873542574e-06,1.188024139733455040e-05
3.344077524854953936e+02,4.012891632845351069e+02,7.811657203107443253e-04,1.188022886501422784e-03,3.350739260142120202e+00,4.020866400705358501e+00,7.811665963357956530e-06,1.188019327936183644e-05
3.377584917456375138e+02,4.053100296852404654e+02,7.889773862741022818e-04,1.199903079780784620e-03,3.350852590824899835e+00,4.021022838017074719e+00,7.811604941709501815e-06,1.188023818080832968e-05
3.411093443364624136e+02,4.093310525232575401e+02,7.967889912158117836e-04,1.211783317961592950e-03,3.350996528516304807e+00,4.021179239640844116e+00,7.811730035765492366e-06,1.188019006114512770e-05
3.444603408649787184e+02,4.133522317628983842e+02,8.046007212515772760e-04,1.223663508022738078e-03,3.351109830216785213e+00,4.021335681635832771e+00,7.811575956578366287e-06,1.188023495824787334e-05
3.478114506951955036e+02,4.173735674445342170e+02,8.124122972081556423e-04,1.235543742980985951e-03,3.351253772364543693e+00,4.021492126345094675e+00,7.811701047957461674e-06,1.188027985207329267e-05
3.511627044675600473e+02,4.213950595708793117e+02,8.202239982561131040e-04,1.247424022833059244e-03,3.351397651988122561e+00,4.021679090257350708e+00,7.811640025982878946e-06,1.188023172810515754e-05
3.545141021195481699e+02,4.254167386611366624e+02,8.280356382820959829e-04,1.259304254561164401e-03,3.351511023332022887e+00,4.021804944110101587e+00,7.811672059096453832e-06,1.188018360350970304e-05
3.578656131428801928e+02,4.294385436052467639e+02,8.358473103411924367e-04,1.271184438164674104e-03,3.351654939751995244e+00,4.021961395471350897e+00,7.811704090982820280e-06,1.188022849236904273e-05
3.612172680826321880e+02,4.334605050007181148e+02,8.436590144321752570e-04,1.283064666657043147e-03,3.351768281180170561e+00,4.022148406643395901e+00,7.811643068738704891e-06,1.188027337750805108e-05
3.645690363638123586e+02,4.374826534073615107e+02,8.514706575009139619e-04,1.294944940034551198e-03,3.351912167227965256e+00,4.022274265687599382e+00,7.811582047447928473e-06,1.188022524882992488e-05
3.679209485310403238e+02,4.415049276730491101e+02,8.592822395483618904e-04,1.306825165283381123e-03,3.352056123844192825e+00,4.022461240883956179e+00,7.811707130231035356e-06,1.188017712041222404e-05
3.712730046548845166e+02,4.455273889139330663e+02,8.670939466785929257e-04,1.318705342403793347e-03,3.352169469924888290e+00,4.022587144151714256e+00,7.811646107939323493e-06,1.188022200036375868e-05
3.746251741248094049e+02,4.495499760580847806e+02,8.749055927865322492e-04,1.330585564404157106e-03,1.205323936110914929e+00,1.446378719903066212e+00,2.808734790447865379e-06,4.271588556004849574e-06
