Sigma_1,Sigma_2,Epsilon_1,Epsilon_2,dSigma_1,dSigma_2,dEpsilon_1,dEpsilon_2
-0.000000000000000000e+00,-0.000000000000000000e+00,0.000000000000000000e+00,0.000000000000000000e+00,1.001330858542880442e+01,1.201579192894768155e+01,2.343578276131861121e-05,3.564067816106980551e-05
1.001330858542880442e+01,1.201579192894768155e+01,2.343578276131861121e-05,3.564067816106980551e-05,1.001405827476508570e+01,1.201704706503455000e+01,2.343415965700062904e-05,3.564069424614903762e-05
2.002736686019389012e+01,2.403283899398223156e+01,4.686994241831924025e-05,7.128137240721884314e-05,1.001545750609902186e+01,1.201855022531746897e+01,2.343497247385162183e-05,3.564068700357419129e-05
3.004282436629291198e+01,3.605138921929970053e+01,7.030491489217086207e-05,1.069220594107930344e-04,1.001664029033601366e+01,1.201996951916783729e+01,2.343497329944466763e-05,3.564067971628120273e-05
4.005946465662892564e+01,4.807135873846753782e+01,9.373988819161552970e-05,1.425627391270742372e-04,1.001782503188405116e+01,1.202138696627488201e+01,2.343496538211678221e-05,3.564068984408320147e-05
5.007728968851297680e+01,6.009274570474241983e+01,1.171748535737323119e-04,1.782034289711574386e-04,1.001900791726148299e+01,1.202280828837520943e+01,2.343498073257711920e-05,3.564068828600057263e-05
6.009629760577445978e+01,7.211555399311762926e+01,1.406098343063094311e-04,2.138441172571580113e-04,1.002019085121107622e+01,1.202422966980209651e+01,2.343496696958772738e-05,3.564067504458541969e-05
7.011648845698553600e+01,8.413978366291972577e+01,1.640448012758971585e-04,2.494847923017434310e-04,1.002137383583061592e+01,1.202565111335059100e+01,2.343496483409021939e-05,3.564068503560916153e-05
8.013786229281615192e+01,9.616543477627031677e+01,1.874797661099873779e-04,2.851254773373525925e-04,1.002256068813690604e+01,1.202706498577813932e+01,2.343498596433772770e-05,3.564069498029421093e-05
9.016042298095305796e+01,1.081924997620484561e+02,2.109147520743251056e-04,3.207661723176468034e-04,1.002373995565145037e+01,1.202849417953875388e+01,2.343496052483495557e-05,3.564068160401105689e-05
1.001841629366045083e+02,1.202209939415872100e+02,2.343497125991600611e-04,3.564068539216578603e-04,1.002492690749208748e+01,1.202991580160684748e+01,2.343496998975647789e-05,3.564066818344371933e-05
1.102090898440965958e+02,1.322509097431940575e+02,2.577846825889165390e-04,3.920475221051015796e-04,1.002611391003574681e+01,1.203132222494809866e+01,2.343497944136467516e-05,3.564070126587954440e-05
1.202352037541323426e+02,1.442822319681421561e+02,2.812196620302812142e-04,4.276882233709811240e-04,1.002729332853191124e+01,1.203275923265439928e+01,2.343496560315545081e-05,3.564068775454995669e-05
1.302624970826642539e+02,1.563149912007965554e+02,3.046546276334366650e-04,4.633289111255310807e-04,1.002848043165599279e+01,1.203416576905760849e+01,2.343497502878657060e-05,3.564067419939453193e-05
1.402909775143202467e+02,1.683491569698541639e+02,3.280896026622232356e-04,4.989695853249256127e-04,1.002965231783113609e+01,1.203558763903538420e+01,2.343496116569306325e-05,3.564070714183605829e-05
1.503206298321513827e+02,1.803847446088895481e+02,3.515245638279162988e-04,5.346102924667616709e-04,1.003085478568658573e+01,1.203702482909790206e+01,2.343497056535065633e-05,3.564069349572566645e-05
1.603514846178379685e+02,1.924217694379874501e+02,3.749595343932669552e-04,5.702509859624873374e-04,1.003202677161507950e+01,1.203843154458780873e+01,2.343495667759843424e-05,3.564067980580353217e-05
1.703835113894530480e+02,2.044602009825752589e+02,3.983944910708653894e-04,6.058916657682908696e-04,1.003321408009105653e+01,1.203985358688652241e+01,2.343498932439803169e-05,3.564066607229679582e-05
1.804167254695441045e+02,2.165000545694617813e+02,4.218294803952634211e-04,6.415323318405876654e-04,1.003440143553569897e+01,1.204127569967323552e+01,2.343499868324419502e-05,3.564069882954954381e-05
1.904511269050798035e+02,2.285413302691350168e+02,4.452644790785076161e-04,6.771730306701372092e-04,1.003558883235223220e+01,1.204269786280838161e+01,2.343496148452027614e-05,3.564068500490444758e-05
2.004867157374320357e+02,2.405840281319433984e+02,4.686994405630278923e-04,7.128137156750416568e-04,1.003677628826125101e+01,1.204412008579916460e+01,2.343497081827089967e-05,3.564067113646701614e-05
2.105234920256932867e+02,2.526281482177425630e+02,4.921344113812987919e-04,7.484543868115086729e-04,1.003794852821226868e+01,1.204552709789024334e+01,2.343498013916125913e-05,3.564065722446363091e-05
2.205614405539055554e+02,2.646736753156328064e+02,5.155693915204600511e-04,7.840950440359723038e-04,1.003913607407477571e+01,1.204696472366049420e+01,2.343494290486867852e-05,3.564068979660566308e-05
2.306005766279803311e+02,2.767206400392933006e+02,5.390043344253287296e-04,8.197357338325779669e-04,1.004032369162092664e+01,1.204837186890659950e+01,2.343499874056986700e-05,3.564072231977265682e-05
2.406409003196012577e+02,2.887690119081999001e+02,5.624393331658985966e-04,8.553764561523506237e-04,1.004151133794377415e+01,1.204980959084974756e+01,2.343496148163293734e-05,3.564066174496858651e-05
2.506824116575450319e+02,3.008188214990496476e+02,5.858742946475315339e-04,8.910171178973192102e-04,1.004269904568897687e+01,1.205124740167610753e+01,2.343497075038699588e-05,3.564069417749953124e-05
2.607251107032340087e+02,3.128700689007257552e+02,6.093092653979185298e-04,9.266578120748187415e-04,1.004388680412955637e+01,1.205262418176380379e+01,2.343498000539770768e-05,3.564072656107029110e-05
2.707689975073635651e+02,3.249226930824895589e+02,6.327442454033162375e-04,9.622985386358890326e-04,1.004505933140416118e+01,1.205409263125255848e+01,2.343494271134899908e-05,3.564066585685552423e-05
2.808140568387677263e+02,3.369767857137421174e+02,6.561791881146652365e-04,9.979392044927445568e-04,1.004626247227059821e+01,1.205546952887453926e+01,2.343499847617036211e-05,3.564069814959735551e-05
2.908603193110383245e+02,3.490322552426166567e+02,6.796141865908355987e-04,1.033579902642341912e-03,1.004743509928499634e+01,1.205690754997448266e+01,2.343496115726425872e-05,3.564063736097322112e-05
3.009077544103233208e+02,3.610891627925911394e+02,7.030491477480998574e-04,1.069220540003315133e-03,1.004860778897926821e+01,1.205834570021374930e+01,2.343497036037876617e-05,3.564076259267626688e-05
3.109563621993025890e+02,3.731475084928048886e+02,7.264841181084786235e-04,1.104861302595991400e-03,1.004981106875737851e+01,1.205975325718389968e+01,2.343497955019835290e-05,3.564060868701851743e-05
3.210061732680599675e+02,3.852072617499887883e+02,7.499190976586769765e-04,1.140501911283009918e-03,1.005098384372917053e+01,1.206119153152673107e+01,2.343494219619380627e-05,3.564073382107831554e-05
3.310571571117891381e+02,3.972684532815155194e+02,7.733540398548707827e-04,1.176142645104088233e-03,1.005218722467327552e+01,1.206259924174202069e+01,2.343495136094100092e-05,3.564067285750471652e-05
3.411093443364624136e+02,4.093310525232575401e+02,7.967889912158117836e-04,1.211783317961592950e-03,1.005336013109763371e+01,1.206400704762177156e+01,2.343500704030132033e-05,3.564070487146629371e-05
3.511627044675600473e+02,4.213950595708793117e+02,8.202239982561131040e-04,1.247424022833059244e-03,1.005456361507214069e+01,1.206544542983880319e+01,2.343501617606215306e-05,3.564064382398390331e-05
3.612172680826321880e+02,4.334605050007181148e+02,8.436590144321752570e-04,1.283064666657043147e-03,1.005573657225232864e+01,1.206688391321495146e+01,2.343493224641766872e-05,3.564067574675020000e-05
3.712730046548845166e+02,4.455273889139330663e+02,8.670939466785929257e-04,1.318705342403793347e-03,4.557493406035803218e+00,5.468965864054780468e+00,1.062038089838718887e-05,1.615181055636860825e-05
