Sigma_1,Sigma_2,Epsilon_1,Epsilon_2,dSigma_1,dSigma_2,dEpsilon_1,dEpsilon_2
-0.000000000000000000e+00,-0.000000000000000000e+00,0.000000000000000000e+00,0.000000000000000000e+00,1.335012736365204900e+00,8.009989829434651654e+00,-7.811388008865668509e-06,3.287316749496400632e-05
1.335012736365204900e+00,8.009989829434651654e+00,-7.811388008865668509e-06,3.287316749496400632e-05,1.335121099010945001e+00,8.010814034017478491e+00,-7.811926337334804853e-06,3.287494469351026486e-05
2.670133835376149900e+00,1.602080386345213014e+01,-1.562331434620047336e-05,6.574811218847427118e-05,1.335167233916102258e+00,8.011002083228383697e+00,-7.811657027831982197e-06,3.287406185366935981e-05
4.005301069292252159e+00,2.403180594668051384e+01,-2.343497137403245556e-05,9.862217404214363098e-05,1.335234108660457331e+00,8.011404710931699924e+00,-7.811656930384873492e-06,3.287405788538863192e-05
5.340535177952709489e+00,3.204321065761221377e+01,-3.124662830441732905e-05,1.314962319275322629e-04,1.335301458157886145e+00,8.011807326078240976e+00,-7.811658287573930133e-06,3.287404806225324412e-05
6.675836636110595634e+00,4.005501798369045474e+01,-3.905828659199125918e-05,1.643702799897855070e-04,1.335368328802733373e+00,8.012208022713359412e+00,-7.811655278716552473e-06,3.287407312218103696e-05
8.011204964913329007e+00,4.806722600640381415e+01,-4.686994187070781166e-05,1.972443531119665440e-04,1.335434720510807693e+00,8.012608704270640203e+00,-7.811661000805323436e-06,3.287403994962228865e-05
9.346639685424136701e+00,5.607983471067445436e+01,-5.468160287151313509e-05,2.301183930615888326e-04,1.335501587113814281e+00,8.013013191297268634e+00,-7.811652169726849692e-06,3.287405329909296034e-05
1.068214127253795098e+01,6.409284790197172299e+01,-6.249325504123998478e-05,2.629924463606817930e-04,1.335569405093460560e+00,8.013410034951334637e+00,-7.811660801557363453e-06,3.287406661149985549e-05
1.201771067763141154e+01,7.210625793692305763e+01,-7.030491584279734824e-05,2.958665129721816485e-04,1.335635313915872757e+00,8.013814496169430868e+00,-7.811657790738460775e-06,3.287405661179013637e-05
1.335334599154728430e+01,8.012007243309248850e+01,-7.811657363353580901e-05,3.287405695839717848e-04,1.335703127901309628e+00,8.014218947155939077e+00,-7.811654779150262445e-06,3.287406985183244541e-05
1.468904911944859393e+01,8.813429138024842757e+01,-8.592822841268607146e-05,3.616146394358042302e-04,1.335769986142118171e+00,8.014615749540169531e+00,-7.811657588570818881e-06,3.287403650776947461e-05
1.602481910559071210e+01,9.614890712978859710e+01,-9.373988600125689034e-05,3.944886759435737049e-04,1.335836842416615156e+00,8.015012543175075166e+00,-7.811654576090064665e-06,3.287404967743546170e-05
1.736065594800732725e+01,1.041639196729636723e+02,-1.015515405773469550e-04,4.273627256210091666e-04,1.335903696429355136e+00,8.015424592752154354e+00,-7.811663205800793773e-06,3.287408608271724566e-05
1.869655964443668239e+01,1.121793442657158266e+02,-1.093632037831477488e-04,4.602368117037264122e-04,1.335970548701258309e+00,8.015821354416402755e+00,-7.811654371047999524e-06,3.287402936240607209e-05
2.003253019313794070e+01,1.201951656201322294e+02,-1.171748581541957483e-04,4.931108410661324843e-04,1.336037398703634693e+00,8.016218113850953841e+00,-7.811657178532157328e-06,3.287406569558038848e-05
2.136856759184157539e+01,1.282113837339831832e+02,-1.249865153327279056e-04,5.259849067617128728e-04,1.336104246638623039e+00,8.016622488683509573e+00,-7.811659985605402508e-06,3.287405544957864179e-05
2.270467183848019843e+01,1.362280062226666928e+02,-1.327981753183333081e-04,5.588589622112915146e-04,1.336171092786180736e+00,8.017026851226148665e+00,-7.811651149165196656e-06,3.287404516884014170e-05
2.404084293126637917e+01,1.442450330738928415e+02,-1.406098264674985048e-04,5.917330073801316563e-04,1.336237936617536093e+00,8.017431208559116840e+00,-7.811653955123678715e-06,3.287408139081976748e-05
2.537708086788391526e+01,1.522624642824519583e+02,-1.484214804226221835e-04,6.246070887709514238e-04,1.336304778381510516e+00,8.017820278441917026e+00,-7.811656760893346966e-06,3.287407103822381684e-05
2.671338564626542578e+01,1.602802845608938753e+02,-1.562331371835155305e-04,6.574811598091752406e-04,1.336373525113849325e+00,8.018224603849489540e+00,-7.811659566029976673e-06,3.287406065090173798e-05
2.804975917137927510e+01,1.682985091647433649e+02,-1.640447967495455071e-04,6.903552204600769786e-04,1.336438455692427141e+00,8.018628916962683206e+00,-7.811662370866688954e-06,3.287405022930022219e-05
2.938619762707170224e+01,1.763171380817060481e+02,-1.718564591204121961e-04,7.232292706893772008e-04,1.336507198618004821e+00,8.019033217780332734e+00,-7.811653531735113839e-06,3.287403977297951706e-05
3.072270482568970706e+01,1.843361712994863808e+02,-1.796681126521473099e-04,7.561033104623567178e-04,1.336572125122767574e+00,8.019437515244447923e+00,-7.811656335567990434e-06,3.287407581174556399e-05
3.205927695081247464e+01,1.923556088147308287e+02,-1.874797689877153004e-04,7.889773862741022818e-04,1.336638956581005289e+00,8.019826520882702425e+00,-7.811659138989900195e-06,3.287406528360264490e-05
3.339591590739347993e+01,2.003754353356135312e+02,-1.952914281267052006e-04,8.218514515577049267e-04,1.336709600298874534e+00,8.020246046691852371e+00,-7.811650298059552361e-06,3.287400819445066274e-05
3.473262550769235446e+01,2.083956813823053835e+02,-2.031030784247647529e-04,8.547254597521555895e-04,1.336772613281148381e+00,8.020635036043330501e+00,-7.811664744509800445e-06,3.287404412516631378e-05
3.606939812097350284e+01,2.164163164183487140e+02,-2.109147431692745534e-04,8.875995038773219032e-04,1.336843252835834051e+00,8.021024012705481709e+00,-7.811655902575481399e-06,3.287408001681349848e-05
3.740624137380933689e+01,2.244373404310541957e+02,-2.187263990718500348e-04,9.204735838941354017e-04,1.336906262614292018e+00,8.021443523348921190e+00,-7.811647060068378345e-06,3.287411586939568628e-05
3.874314763642362891e+01,2.324587839544031169e+02,-2.265380461319184131e-04,9.533476997635310880e-04,1.336976897134483977e+00,8.021847728120008014e+00,-7.811661505265451349e-06,3.287405864232982675e-05
4.008012453355811289e+01,2.404806316825231249e+02,-2.343497076371838645e-04,9.862217584058609147e-04,1.337039902868973229e+00,8.022236645131243904e+00,-7.811652661643246360e-06,3.287400138538205431e-05
4.141716443642708612e+01,2.485028683276543688e+02,-2.421613602988271108e-04,1.019095759791242969e-03,1.337110533163688331e+00,8.022625571056380522e+00,-7.811667106422251006e-06,3.287403713302539804e-05
4.275427496959077445e+01,2.565254938987107494e+02,-2.499730274052493618e-04,1.051969796924268367e-03,1.342413199577627836e+00,8.026900620468666148e+00,-8.372895726520615794e-05,1.223267162840605687e-04
4.409668816916840228e+01,2.645523945191794155e+02,-3.337019846704555198e-04,1.174296513208328936e-03,1.335501999582326960e+00,8.034851786497767989e+00,-3.631333869811719547e-04,4.303414479398751796e-04
4.543219016875072924e+01,2.725872463056771835e+02,-6.968353716516274745e-04,1.604637961148204115e-03,1.339081743942379887e+00,8.037882740625036604e+00,-9.388511221496565872e-04,1.014696495581555438e-03
4.677127191269310913e+01,2.806251290463022201e+02,-1.635686493801284062e-03,2.619334456729759553e-03,1.340934694581598308e+00,8.034397633409753325e+00,-2.115844818853941222e-03,2.175546581098654429e-03
4.811220660727470744e+01,2.886595266797119734e+02,-3.751531312655225284e-03,4.794881037828413982e-03,1.335728162152321374e+00,8.018083678178470564e+00,-2.525403727254064978e-03,2.563994235393310742e-03
4.944793476942702881e+01,2.966776103578904440e+02,-6.276935039909290262e-03,7.358875273221724723e-03,1.335935082912669714e+00,8.025433789798114503e+00,-2.571142686772765612e-03,2.602897098172661690e-03
5.078386985233969853e+01,3.047030441476885585e+02,-8.848077726682055874e-03,9.961772371394386413e-03,1.337319184714324649e+00,8.019786246203977953e+00,-2.573576620829180761e-03,2.603539858711362634e-03
5.212118903705402317e+01,3.127228303938925364e+02,-1.142165434751123664e-02,1.256531223010574905e-02,1.336287602592051371e+00,8.016598286386624750e+00,-2.574168741999135687e-03,2.603664696402675435e-03
5.345747663964607455e+01,3.207394286802791612e+02,-1.399582308951037232e-02,1.516897692650842448e-02,1.335866869247219313e+00,8.014285742121614931e+00,-2.574328671422616149e-03,2.603704375214540082e-03
5.479334350889329386e+01,3.287537144224007761e+02,-1.657015176093298847e-02,1.777268130172296456e-02,1.335443535444177598e+00,8.011849331297469234e+00,-2.574373225061224457e-03,2.603714482373769429e-03
5.612878704433747146e+01,3.367655637536982454e+02,-1.914452498599421293e-02,2.037639578409673399e-02,1.335723343651736172e+00,8.010550218336049966e+00,-2.540689069142919310e-03,2.570012790723354840e-03
5.746451038798920763e+01,3.447761139720342953e+02,-2.168521405513713224e-02,2.294640857482008883e-02,1.334767881086413865e+00,8.007491330797449791e+00,-2.498433670183666799e-03,2.527739931159900255e-03
5.879927826907562149e+01,3.527836053028317451e+02,-2.418364772532079904e-02,2.547414850597998909e-02,1.333360040016309256e+00,8.003428172821429598e+00,-2.498248430361390410e-03,2.527565277824578294e-03
6.013263830909193075e+01,3.607870334756531747e+02,-2.668189615568218945e-02,2.800171378380456738e-02,1.333659673450128480e+00,8.001793555072083564e+00,-2.498376007542959382e-03,2.527702497719656882e-03
6.146629798254205923e+01,3.687888270307252583e+02,-2.918027216322514883e-02,3.052941628152422426e-02,1.333145034752902802e+00,7.998864569682382353e+00,-2.498373535635013687e-03,2.527704375591591224e-03
6.279944301729496203e+01,3.767876916004076406e+02,-3.167864569886016252e-02,3.305712065711581549e-02,1.332582087154520423e+00,7.995782626386755965e+00,-2.498376978981031726e-03,2.527701654332248360e-03
6.413202510444948246e+01,3.847834742267943966e+02,-3.417702267784119424e-02,3.558482231144806385e-02,1.331993600155684021e+00,7.992553177875834081e+00,-2.498374069768202754e-03,2.527705814835530529e-03
6.546401870460516648e+01,3.927760274046702307e+02,-3.667539674760939700e-02,3.811252812628359438e-02,1.331378663653950412e+00,7.989203850356943803e+00,-2.498374081347842779e-03,2.527702439381232513e-03
6.679539736825911689e+01,4.007652312550271745e+02,-3.917377082895723978e-02,4.064023056566482689e-02,1.328644081376523900e+00,7.982408652721233011e+00,-2.553631259776582840e-03,2.582981049368660020e-03
6.812404144963564079e+01,4.087476399077484075e+02,-4.172740208873382262e-02,4.322321161503348691e-02,1.305207311964579731e+00,7.948813825343222561e+00,-2.889286451758350804e-03,2.918643195654054001e-03
6.942924876160022052e+01,4.166964537330916301e+02,-4.461668854049217342e-02,4.614185481068754091e-02,1.353362241511447905e+00,7.998479215573127021e+00,-2.891645652680116529e-03,2.921193276018675677e-03
7.078261100311166842e+01,4.246949329486647571e+02,-4.750833419317228995e-02,4.906304808670621659e-02,1.327015613316163467e+00,7.965213082639706954e+00,-2.890525199891413877e-03,2.919876782026611939e-03
7.210962661642783189e+01,4.326601460313044640e+02,-5.039885939306370383e-02,5.198292486873282853e-02,1.325871258716787793e+00,7.959848964827472173e+00,-2.890514913554721732e-03,2.919855938520614369e-03
7.343549787514461968e+01,4.406199949961319362e+02,-5.328937430661842556e-02,5.490278080725344290e-02,1.324873373731165316e+00,7.954525729058616434e+00,-2.890521264093545706e-03,2.919861122464707803e-03
7.476037124887578500e+01,4.485745207251905526e+02,-5.617989557071197126e-02,5.782264192971815070e-02,2.379203820081841059e-01,1.429634028058273998e+00,-5.197792370546863716e-04,5.250503095574066137e-04
