Sigma_1,Sigma_2,Epsilon_1,Epsilon_2,dSigma_1,dSigma_2,dEpsilon_1,dEpsilon_2
-0.000000000000000000e+00,-0.000000000000000000e+00,0.000000000000000000e+00,0.000000000000000000e+00,3.300016619966599785e-01,9.900013690025880608e-01,-2.413655756780784474e-07,3.781475369329256146e-06
3.300016619966599785e-01,9.900013690025880608e-01,-2.413655756780784474e-07,3.781475369329256146e-06,3.300029928022173986e-01,9.900126710728130996e-01,-2.413772755176450974e-07,3.781495994070959126e-06
6.600046547988773771e-01,1.980014040075401160e+00,-4.827428511957235449e-07,7.562971363400215272e-06,3.300058435298094395e-01,9.900175357821467959e-01,-2.413714448203943902e-07,3.781486060204573667e-06
9.900104983286868165e-01,2.970031575857547956e+00,-7.241142960161179351e-07,1.134445742360478894e-05,3.300081876142892945e-01,9.900245462664658547e-01,-2.413714575613948437e-07,3.781484856836573192e-06
1.320018685942976111e+00,3.960056122124013811e+00,-9.654857535775127788e-07,1.512594228044136213e-05,3.300105316970189939e-01,9.900315567562092411e-01,-2.413714247831916777e-07,3.781486564155841454e-06
1.650029217639995105e+00,4.950087678880223052e+00,-1.206857178360704456e-06,1.890742884459720359e-05,3.300128757779683397e-01,9.900385672283276151e-01,-2.413713922269954236e-07,3.781485361129064814e-06
1.980042093417963445e+00,5.940126246108550667e+00,-1.448228570587699880e-06,2.268891420572626840e-05,3.300152198571371098e-01,9.900455777116290434e-01,-2.413713594487166599e-07,3.781487068101417181e-06
2.310057313275100555e+00,6.930171823820179711e+00,-1.689599930036416540e-06,2.647040127382768558e-05,3.300175639342852740e-01,9.900525881600179545e-01,-2.413714178198864960e-07,3.781484409735464953e-06
2.640074877209385829e+00,7.920224411980197665e+00,-1.930971347856303036e-06,3.025188568356315053e-05,3.300197888005329538e-01,9.900595986210314337e-01,-2.413714759690390440e-07,3.781484661585180623e-06
2.970094666009918782e+00,8.910284010601229099e+00,-2.172342823825342080e-06,3.403337034514833116e-05,3.300222520829994011e-01,9.900661322510035944e-01,-2.413715343402656313e-07,3.781487823606559135e-06
3.300116918092918183e+00,9.900350142852232693e+00,-2.413714358165607711e-06,3.781485816875489029e-05,3.300244769462237215e-01,9.900736195301487186e-01,-2.413714106344600529e-07,3.781485165102825140e-06
3.630141395039141905e+00,1.089042376238238141e+01,-2.655085768800067764e-06,4.159634333385771543e-05,3.300269402257329787e-01,9.900811068359711697e-01,-2.413712869285511365e-07,3.781485416781751863e-06
3.960168335264874884e+00,1.188050486921835258e+01,-2.896457055728618901e-06,4.537782875063946729e-05,3.300289266662419507e-01,9.900876403838907436e-01,-2.413715271547881545e-07,3.781482758208181696e-06
4.290197261931116834e+00,1.287059250960224333e+01,-3.137828582883407055e-06,4.915931150884764899e-05,3.300316283591211430e-01,9.900941740340947206e-01,-2.413715854150161563e-07,3.781488830164392637e-06
4.620228890290237977e+00,1.386068668363633805e+01,-3.379200168298423212e-06,5.294080033901204163e-05,3.300338532162392369e-01,9.901016612902804326e-01,-2.413712798538706513e-07,3.781486171476974465e-06
4.950262743506477214e+00,1.485078834492661848e+01,-3.620571448152293863e-06,5.672228651048901609e-05,3.300365549053294600e-01,9.901091485385649094e-01,-2.413713382250019474e-07,3.781483512765629307e-06
5.280299298411806674e+00,1.584089749346518339e+01,-3.861942786377295810e-06,6.050377002325464540e-05,3.300383029218867392e-01,9.901156821412886444e-01,-2.413713963741157437e-07,3.781486674333479274e-06
5.610337601333693414e+00,1.683101317560647203e+01,-4.103314182751411554e-06,6.428525669758812467e-05,3.300410046071791115e-01,9.901231693780907506e-01,-2.413714546342810650e-07,3.781484015530315744e-06
5.940378605940872525e+00,1.782113634498456278e+01,-4.344685637385692619e-06,6.806674071311844042e-05,3.300432294553701240e-01,9.901287492308021854e-01,-2.413715128944743385e-07,3.781487176962288073e-06
6.270421835396242649e+00,1.881126509421536497e+01,-4.586057150280166958e-06,7.184822789008072849e-05,3.300454543017767861e-01,9.901362364489081358e-01,-2.413715711546955640e-07,3.781484518067279067e-06
6.600467289698019435e+00,1.980140133066427310e+01,-4.827428721434862522e-06,7.562971240814800756e-05,3.300481559836612178e-01,9.901437237801253843e-01,-2.413712657040378837e-07,3.781487679363414417e-06
6.930515445681680653e+00,2.079154505444439849e+01,-5.068799987138900405e-06,7.941120008751142198e-05,3.300499039918847188e-01,9.901512109939574202e-01,-2.413713238531182222e-07,3.781485020376546382e-06
7.260565349673565372e+00,2.178169626543835591e+01,-5.310171310992018627e-06,8.319268510788796836e-05,3.300526056676904574e-01,9.901567908178954269e-01,-2.413713822242702706e-07,3.781488181536844751e-06
7.590617955341255829e+00,2.277185305625625134e+01,-5.551542693216288898e-06,8.697417328942481311e-05,3.300548305069703758e-01,9.901661855347683172e-01,-2.413714403734056662e-07,3.781485522236113740e-06
7.920672785848226205e+00,2.376201924179101965e+01,-5.792914133589694564e-06,9.075565881166092685e-05,3.300575321787482252e-01,9.901717652074850662e-01,-2.413714986335921634e-07,3.781482863355538175e-06
8.250730318026974430e+00,2.475219100699850472e+01,-6.034285632223286728e-06,9.453714167501646502e-05,3.300597570173504636e-01,9.901773450004753840e-01,-2.413711931824609916e-07,3.781486024334056498e-06
8.580790075044324894e+00,2.574236835199898010e+01,-6.275656825405747719e-06,9.831862769935052152e-05,3.300615050107555959e-01,9.901867398679620180e-01,-2.413719789764177845e-07,3.781489185222640251e-06
8.910851580055080490e+00,2.673255509186694212e+01,-6.517028804382165504e-06,1.021001168845731618e-04,3.300642066833177068e-01,9.901923195039650238e-01,-2.413713097027984106e-07,3.781486525960276444e-06
9.240915786738398197e+00,2.772274741137090714e+01,-6.758400114084963914e-06,1.058816034105334382e-04,3.300669083475096244e-01,9.901998066682260458e-01,-2.413713678518990778e-07,3.781483866451988479e-06
9.570982695085907821e+00,2.871294721803913319e+01,-6.999771481936862992e-06,1.096630872769854267e-04,3.300686563421582065e-01,9.902072938245929379e-01,-2.413714262230731491e-07,3.781481207363855961e-06
9.901051351428066027e+00,2.970315451186372613e+01,-7.241142908159936141e-06,1.134445684843492827e-04,3.300713580025504967e-01,9.902128737580753182e-01,-2.413714844832528700e-07,3.781490188019728783e-06
1.023112270943061652e+01,3.069336738562180145e+01,-7.482514392643189011e-06,1.172260586723690114e-04,3.300740596608129351e-01,9.902222684866934799e-01,-2.413715426324373935e-07,3.781487528351710732e-06
1.056119676909142946e+01,3.168358965410849493e+01,-7.723885935275626405e-06,1.210075462007207222e-04,3.300758076581509215e-01,9.902259404691093891e-01,-2.413708733577304294e-07,3.781484869103821024e-06
1.089127257674958038e+01,3.267381559457760432e+01,-7.965256808633356834e-06,1.247890310698245432e-04,3.300775556384394349e-01,9.902372427757910600e-01,-2.413716592637827154e-07,3.781482209387962553e-06
1.122135013238801982e+01,3.366405283735339538e+01,-8.206628467897139550e-06,1.285705132792125057e-04,3.300812109574966513e-01,9.902409151168924950e-01,-2.413717174130536363e-07,3.781491189906168804e-06
1.155143134334551647e+01,3.465429375247028787e+01,-8.448000185310193186e-06,1.323520044691186746e-04,3.300829589503155859e-01,9.902484018282464717e-01,-2.413710481379036739e-07,3.781476890284623344e-06
1.188151430229583205e+01,3.564454215429853434e+01,-8.689371233448096860e-06,1.361334813594032979e-04,3.300847069246461984e-01,9.902558893498820680e-01,-2.413718340445692118e-07,3.781485870666979063e-06
1.221159900922047825e+01,3.663479804364841641e+01,-8.930743067492666071e-06,1.399149672300702770e-04,3.300883622462098543e-01,9.902633768981701223e-01,-2.413711646581004854e-07,3.781494850671354799e-06
1.254168737146668811e+01,3.762506142054658653e+01,-9.172114232150766557e-06,1.436964620807416318e-04,3.300901102256279529e-01,9.902708635743167065e-01,-2.413712229181531513e-07,3.781480551022135079e-06
1.287177748169231606e+01,3.861533228412090324e+01,-9.413485455068919708e-06,1.474779426317637668e-04,3.300918581940006646e-01,9.902745358555833377e-01,-2.413720088254319411e-07,3.781489531112677783e-06
1.320186933988631672e+01,3.960560681997648658e+01,-9.654857463894351649e-06,1.512594321628764446e-04,3.300945598447881935e-01,9.902858382251764624e-01,-2.413713394385193694e-07,3.781486871275510642e-06
1.353196389973110492e+01,4.059589265820166304e+01,-9.896228803332871019e-06,1.550409190341519553e-04,3.300972614840755881e-01,9.902895100239064163e-01,-2.413713976986584328e-07,3.781484211192419342e-06
1.386206116121518050e+01,4.158618216822556946e+01,-1.013760020103152945e-05,1.588224032453443746e-04,3.300990094568216904e-01,9.902969970889898832e-01,-2.413714559588229071e-07,3.781481551307438885e-06
1.419216017067200220e+01,4.257647916531455934e+01,-1.037897165699035236e-05,1.626038847966518135e-04,3.301017110923112341e-01,9.903044846532225165e-01,-2.413715142190178746e-07,3.781490531038297518e-06
1.452226188176431343e+01,4.356678364996778186e+01,-1.062034317120937023e-05,1.663853753276901110e-04,3.301044127364836100e-01,9.903119712070065361e-01,-2.413708448311650964e-07,3.781476231421739389e-06
1.485236629450079704e+01,4.455709562117478839e+01,-1.086171401604053533e-05,1.701668515591118504e-04,3.301061606934201365e-01,9.903194593085373754e-01,-2.413716307393146360e-07,3.781496850346519837e-06
1.518247245519421718e+01,4.554741508048332577e+01,-1.110308564677984997e-05,1.739483484094583702e-04,3.301088623229837538e-01,9.903269458465189246e-01,-2.413716889995909186e-07,3.781482550682175496e-06
1.551258131751720093e+01,4.653774202632984469e+01,-1.134445733577944088e-05,1.777298309601405457e-04,3.301106102986803847e-01,9.903344328951533271e-01,-2.413710196112976833e-07,3.781479890589678743e-06
1.584269192781588131e+01,4.752807645922499802e+01,-1.158582835539073857e-05,1.815113108507302245e-04,3.301133119131556271e-01,9.903381050964057408e-01,-2.413718055200570866e-07,3.781488869892955145e-06
1.617280523972903694e+01,4.851841456432140376e+01,-1.182720016091079565e-05,1.852927997206231796e-04,3.301160135487997138e-01,9.903455921234325388e-01,-2.413711362424913863e-07,3.781486209442644570e-06
1.650292125327783666e+01,4.950876015644483630e+01,-1.206857129715328704e-05,1.890742859300658242e-04,3.301177615082124817e-01,9.903568945755054642e-01,-2.413711943915081972e-07,3.781483549412408126e-06
1.683303901478604914e+01,5.049911705102034176e+01,-1.230994249154479524e-05,1.928557694794782323e-04,3.301195094661828477e-01,9.903605661681851302e-01,-2.413712527625984123e-07,3.781480888914311340e-06
1.716315852425223198e+01,5.148947761718852689e+01,-1.255131374430739365e-05,1.966372503683925437e-04,3.301231647469506925e-01,9.903680537822054930e-01,-2.413713109116694334e-07,3.781489867635940381e-06
1.749328168899918268e+01,5.247984567097073239e+01,-1.279268505521906308e-05,2.004187402360284840e-04,3.301249127011232076e-01,9.903755414228783138e-01,-2.413713691717949442e-07,3.781498846423651545e-06
1.782340660170030588e+01,5.347022121239361070e+01,-1.303405642439085803e-05,2.042002390824521356e-04,3.301285679771659431e-01,9.903792123320798169e-01,-2.413714275429698625e-07,3.781484546966172979e-06
1.815353516967747183e+01,5.446060042472569052e+01,-1.327542785193382789e-05,2.079817236294183086e-04,3.301284086046933908e-01,9.903905141656892397e-01,-2.413714856921255869e-07,3.781470247172889895e-06
1.848366357828216522e+01,5.545099093889137976e+01,-1.351679933762595348e-05,2.117631938765911985e-04,3.301320638769382754e-01,9.903941875882296131e-01,-2.413715440633581034e-07,3.781502503758069501e-06
1.881379564215910349e+01,5.644138512647960937e+01,-1.375817088168931158e-05,2.155446963803492680e-04,3.301338118244352415e-01,9.904054881213397721e-01,-2.413716022125714261e-07,3.781464926225783577e-06
1.914392945398353874e+01,5.743179061460094914e+01,-1.399954248390188301e-05,2.193261613065750515e-04,3.301374670919692278e-01,9.904091615683370264e-01,-2.413716604728341562e-07,3.781497182499119532e-06
1.947406692107550796e+01,5.842219977616928617e+01,-1.424091414437471716e-05,2.231076584890741711e-04,3.301392150356612376e-01,9.904166478652598471e-01,-2.413717188441513760e-07,3.781482882832254422e-06
1.980420613611116920e+01,5.941261642403454601e+01,-1.448228586321886854e-05,2.268891413719064255e-04,3.301409629779250565e-01,9.904241355254441714e-01,-2.413717769934494020e-07,3.781491861056614136e-06
2.013434709908909426e+01,6.040304055955999019e+01,-1.472365764021231794e-05,2.306706332329630396e-04,3.301446182686156305e-01,9.904316217835145153e-01,-2.413703800627012421e-07,3.781477561207982532e-06
2.046449171735770989e+01,6.139347218134350470e+01,-1.496502802027501918e-05,2.344521107941710222e-04,3.301463661777717107e-01,9.904391094509250593e-01,-2.413718936248463928e-07,3.781486539296518819e-06
2.079463808353548160e+01,6.238391129079442976e+01,-1.520639991389986558e-05,2.382335973334675410e-04,3.301481141147988296e-01,9.904427815245142597e-01,-2.413719517742291221e-07,3.781495517229146834e-06
2.112478619765028043e+01,6.337435407231894402e+01,-1.544777186567409470e-05,2.420150928506966878e-04,3.301498620816047946e-01,9.904540833534341004e-01,-2.413705548425102625e-07,3.781481217574858469e-06
2.145493605973188522e+01,6.436480815567237812e+01,-1.568914242051660496e-05,2.457965740682715463e-04,3.301535173032519310e-01,9.904577554053730637e-01,-2.413720684057955195e-07,3.781490195149726872e-06
2.178508957703513715e+01,6.535526591107775118e+01,-1.593051448892240048e-05,2.495780642634212732e-04,3.301552652672263832e-01,9.904652415605426086e-01,-2.413706713624089184e-07,3.781475895757652802e-06
2.211524484230236354e+01,6.634573115263829379e+01,-1.617188516028480940e-05,2.533595401591789260e-04,3.301570131658628782e-01,9.904727292401958039e-01,-2.413721848154274264e-07,3.781484873196670673e-06
2.244540185546822642e+01,6.733620388187848960e+01,-1.641325734510023682e-05,2.571410250323755966e-04,3.301606684447868645e-01,9.904802169465227735e-01,-2.413707879934416851e-07,3.781493850479834481e-06
2.277556252391301328e+01,6.832668409882501237e+01,-1.665462813309367851e-05,2.609225188828554311e-04,3.301624163386662758e-01,9.904877030664493986e-01,-2.413723013361968321e-07,3.781479551060167466e-06
2.310572494025167956e+01,6.931717180189146177e+01,-1.689600043442987534e-05,2.647039984339155986e-04,3.301641642978871971e-01,9.904951907800096933e-01,-2.413709044025382671e-07,3.781488528207426533e-06
2.343588910454956675e+01,7.030766699267147146e+01,-1.713737133883241361e-05,2.684854869621230251e-04,3.301678195379977865e-01,9.905026768610696308e-01,-2.413709626624706544e-07,3.781474228606047233e-06
2.376605692408756454e+01,7.129816966953254109e+01,-1.737874230149488426e-05,2.722669611907290723e-04,3.301695674252052015e-01,9.905101662640305449e-01,-2.413724762284054305e-07,3.781506482566400484e-06
2.409622649151276974e+01,7.228867983579657164e+01,-1.762011477772328969e-05,2.760484676732954728e-04,3.301713153806211665e-01,9.905100191176359203e-01,-2.413710791827589454e-07,3.781468906190361967e-06
2.442639780689339091e+01,7.327918985491420756e+01,-1.786148585690604864e-05,2.798299365794858348e-04,3.301749706141237084e-01,9.905251400745243018e-01,-2.413711374427726479e-07,3.781501159616908279e-06
2.475657277750751462e+01,7.426971499498873186e+01,-1.810285699434882129e-05,2.836114377391027431e-04,3.301767185311561548e-01,9.905249945367842201e-01,-2.413711957028100673e-07,3.781486859919956558e-06
2.508674949603867077e+01,7.526023998952551608e+01,-1.834422819005163135e-05,2.873929245990226996e-04,3.301784664467461994e-01,9.905401121020958044e-01,-2.413712540739036704e-07,3.781472560331154004e-06
2.541692796248541697e+01,7.625078010162761188e+01,-1.858559944412553502e-05,2.911743971593538536e-04,3.301802143609080531e-01,9.905399682190818567e-01,-2.413713122229729975e-07,3.781481536915224251e-06
2.574710817684632502e+01,7.724132006984669374e+01,-1.882697075634850802e-05,2.949558786962690779e-04,3.301838695479411001e-01,9.905550876236475233e-01,-2.413728256801690719e-07,3.781490513565322412e-06
2.607729204639426612e+01,7.823187515747034126e+01,-1.906834358202867709e-05,2.987373692098344003e-04,3.301856174957684686e-01,9.905549437362424214e-01,-2.413714287436034898e-07,3.781499490059566509e-06
2.640747766389003459e+01,7.922243010120658369e+01,-1.930971501077228058e-05,3.025188686998939668e-04,3.301873654435922845e-01,9.905624296539343732e-01,-2.413700318060146919e-07,3.781485190375245744e-06
2.673766502933362688e+01,8.021299253086051806e+01,-1.955108504257829528e-05,3.063003538902692125e-04,3.301910206235234568e-01,9.905699155291074476e-01,-2.413715453746667497e-07,3.781470890799128355e-06
2.706785604995715033e+01,8.120356244638962551e+01,-1.979245658795296203e-05,3.100818247810683409e-04,3.301927685286507597e-01,9.905774032743721591e-01,-2.413716035238783783e-07,3.781479866955643476e-06
2.739804881848580109e+01,8.219413984966399767e+01,-2.003382819147684040e-05,3.138633046480239844e-04,3.301964237422900794e-01,9.905925228642757929e-01,-2.413716617841428025e-07,3.781488843178403350e-06
2.772824524222809117e+01,8.318473237252827346e+01,-2.027519985326098321e-05,3.176447934912023877e-04,3.301962643341127546e-01,9.905923788737140967e-01,-2.413717200444377199e-07,3.781497819245092321e-06
2.805844150656220393e+01,8.417532475140198756e+01,-2.051657157330542093e-05,3.214262913104474800e-04,3.301999195439577761e-01,9.905922328415925904e-01,-2.413717783047563542e-07,3.781483519351520536e-06
2.838864142610616170e+01,8.516591698424358015e+01,-2.075794335161017728e-05,3.252077748297990006e-04,3.302016674841965482e-01,9.906073524942371478e-01,-2.413703813652329330e-07,3.781492495504457790e-06
2.871884309359035825e+01,8.615652433673781729e+01,-2.099931373297541021e-05,3.289892673253034584e-04,3.302053226480055059e-01,9.906148382989385937e-01,-2.413718949361584273e-07,3.781478195651055696e-06
2.904904841623836376e+01,8.714713917503675589e+01,-2.124068562791156864e-05,3.327707455209545141e-04,3.302070705426523034e-01,9.906223261119322387e-01,-2.413719530855394624e-07,3.781487171446260443e-06
2.937925548678101606e+01,8.813776150114868813e+01,-2.148205758099710810e-05,3.365522326924007745e-04,3.302088184790967773e-01,9.906298118777954187e-01,-2.413705561450436474e-07,3.781472871633190670e-06
2.970946430526011284e+01,8.912839131302648354e+01,-2.172342813714215175e-05,3.403337055640339652e-04,3.302105663281089676e-01,9.906296697749041869e-01,-2.413720696060852515e-07,3.781505122435100362e-06
3.003967487158822181e+01,9.011902098280138773e+01,-2.196480020674823700e-05,3.441152106864690655e-04,3.302142215689123361e-01,9.906447854192634850e-01,-2.413706726649423033e-07,3.781467547875696795e-06
3.036988909315713414e+01,9.110966576822065122e+01,-2.220617087941317931e-05,3.478966782343447623e-04,3.302159694131674428e-01,9.906446433118816230e-01,-2.413721861267394608e-07,3.781499797921917573e-06
3.070010506257030158e+01,9.210031041153253284e+01,-2.244754306553991877e-05,3.516781780322666799e-04,3.302196246502155930e-01,9.906597610949461341e-01,-2.413707891849527676e-07,3.781485498457256168e-06
3.103032468722051718e+01,9.309097017262747897e+01,-2.268891385472487153e-05,3.554596635307239361e-04,3.302213724897065106e-01,9.906596146513777512e-01,-2.413723026475122547e-07,3.781471198878753534e-06
3.136054605971022369e+01,9.408162978727885672e+01,-2.293028615737238379e-05,3.592411347296026896e-04,3.302231204185588354e-01,9.906671046669259795e-01,-2.413709057050750402e-07,3.781503448369266489e-06
3.169076918012878252e+01,9.507229689194578270e+01,-2.317165706307745883e-05,3.630226381779719561e-04,3.302248683008173202e-01,9.906745880732756859e-01,-2.413709639650040394e-07,3.781465874484561934e-06
3.202099404842959984e+01,9.606297148001905839e+01,-2.341302802704246287e-05,3.668041040524565180e-04,3.302266161345457363e-01,9.906897103639380475e-01,-2.413724775397242412e-07,3.781498123663312554e-06
3.235122066456414558e+01,9.705366119038299644e+01,-2.365440050458218711e-05,3.705856021761198306e-04,3.302302713635825171e-01,9.906895637733725835e-01,-2.413710804852957185e-07,3.781483823989291709e-06
3.268145093592772810e+01,9.804435075415636902e+01,-2.389577158506748283e-05,3.743670860001091223e-04,3.302339265431868398e-01,9.906970516374400404e-01,-2.413711387453094210e-07,3.781492798773803191e-06
3.301168486247091494e+01,9.903504780579380906e+01,-2.413714272381279225e-05,3.781485787988829255e-04,3.302337671157218324e-01,9.907045372010543360e-01,-2.413711970053502285e-07,3.781478499140168877e-06
3.334191862958663677e+01,1.000257523429948634e+02,-2.437851392081814248e-05,3.819300572980230944e-04,3.302374222915318569e-01,9.907120250723693289e-01,-2.413712552654181411e-07,3.781487473788884036e-06
3.367215605187816863e+01,1.010164643680672327e+02,-2.461988517608356062e-05,3.857115447718119784e-04,3.302410774150459360e-01,9.907195105970885152e-01,-2.413727687310100061e-07,3.781473174195419413e-06
3.400239712929321456e+01,1.020071838786643212e+02,-2.486125794481457062e-05,3.894930179460073978e-04,3.302409180826728630e-01,9.907193684768316189e-01,-2.413699165801418221e-07,3.781505422262862806e-06
3.433263804737588742e+01,1.029979032471411529e+02,-2.510262786139471245e-05,3.932745233682702606e-04,3.302445731519441097e-01,9.907344863749187880e-01,-2.413728852519928642e-07,3.781491122755646465e-06
3.466288262052783153e+01,1.039886377335160716e+02,-2.534400074664670531e-05,3.970560144910259071e-04,3.302444138195355094e-01,9.907419718644376871e-01,-2.413700330997762037e-07,3.781476823134588897e-06
3.499312703434736704e+01,1.049793797053805093e+02,-2.558537077974648151e-05,4.008374913141604960e-04,3.302518834818428672e-01,9.907418248299251218e-01,-2.413730017730841425e-07,3.781462523621734705e-06
3.532337891782920991e+01,1.059701215302104345e+02,-2.582674378151956566e-05,4.046189538377822307e-04,3.302517241475513288e-01,9.907569476638826700e-01,-2.413701496195223937e-07,3.781494771287535403e-06
3.565363064197676124e+01,1.069608784778743171e+02,-2.606811393113908805e-05,4.084004486090697661e-04,3.302515646066410682e-01,9.907568005789073595e-01,-2.413731182942906173e-07,3.781480471638939099e-06
3.598388220658340231e+01,1.079516352784532245e+02,-2.630948704943337867e-05,4.121819290807087052e-04,3.302552198701462771e-01,9.907719235698664306e-01,-2.413702661393770038e-07,3.781512718817011450e-06
3.631413742645354858e+01,1.089424072020230909e+02,-2.655085731557275567e-05,4.159634417995257166e-04,3.302588750270700757e-01,9.907717713195438591e-01,-2.413703242879719924e-07,3.781451872490065348e-06
3.664439630148061866e+01,1.099331789733426348e+02,-2.679222763986072766e-05,4.197448936720157820e-04,3.302625300735542169e-01,9.907792617496511411e-01,-2.413732931869837185e-07,3.781484119532449797e-06
3.697465883155417288e+01,1.109239582350922859e+02,-2.703360093304771138e-05,4.235263777915482318e-04,3.302623707382679186e-01,9.907943849301261707e-01,-2.413704408079960092e-07,3.781516366376804720e-06
3.730492120229244080e+01,1.119147526200224121e+02,-2.727497137385570739e-05,4.273078941579250365e-04,3.302660258885694589e-01,9.907942324197733797e-01,-2.413704991787270823e-07,3.781455520328444366e-06
3.763518722818101025e+01,1.129055468524421855e+02,-2.751634187303443447e-05,4.310893496782534809e-04,3.302658663341730971e-01,9.908017229528383041e-01,-2.413734678578795484e-07,3.781487766815120992e-06
3.796545309451518335e+01,1.138963485753950238e+02,-2.775771534089231402e-05,4.348708374450686019e-04,3.302695215902105019e-01,9.908092135815991242e-01,-2.413706156989205056e-07,3.781520013103930721e-06
3.829572261610539385e+01,1.148871577889766229e+02,-2.799908595659123453e-05,4.386523574581725326e-04,3.302731767338968893e-01,9.908166935236266681e-01,-2.413706739587105914e-07,3.781459167555929670e-06
3.862599579283929074e+01,1.158779744825002496e+02,-2.824045663054994512e-05,4.424338166257284623e-04,3.302730172861387814e-01,9.908241841595781807e-01,-2.413707322185243941e-07,3.781491413708997287e-06
3.895626881012542952e+01,1.168687986666598277e+02,-2.848182736276846951e-05,4.462153080394374595e-04,3.302766723116903336e-01,9.908316694079246645e-01,-2.413737009006008179e-07,3.781477113863835129e-06
3.928654548243711986e+01,1.178596303360677524e+02,-2.872320106366907033e-05,4.499967851533012947e-04,3.302803275621286616e-01,9.908391601432242624e-01,-2.413708487389448223e-07,3.781509359529120189e-06
3.961682580999924852e+01,1.188504694962109767e+02,-2.896457191240801515e-05,4.537782945128304149e-04,3.302801681105194120e-01,9.908390125133337278e-01,-2.413709069988467164e-07,3.781495059770152104e-06
3.994710597810976793e+01,1.198413085087243104e+02,-2.920594281940686187e-05,4.575597895726005670e-04,3.302876378287251669e-01,9.908541305830027568e-01,-2.413709651477466368e-07,3.781480760119333186e-06
4.027739361593849310e+01,1.208321626393073132e+02,-2.944731378455460851e-05,4.613412703327199002e-04,3.302836637892951899e-01,9.908616157536442870e-01,-2.413710235187318197e-07,3.781466460576663434e-06
4.060767727972778829e+01,1.218230242550609574e+02,-2.968868480807334033e-05,4.651227367932965636e-04,3.302911335018592354e-01,9.908614736234397924e-01,-2.413710817787184171e-07,3.781498705396541850e-06
4.093796841322964752e+01,1.228138857286843972e+02,-2.993005588985205874e-05,4.689042354986931054e-04,3.302909739243773402e-01,9.908765917444384286e-01,-2.413740504651756954e-07,3.781484405718184196e-06
4.126825938715402486e+01,1.238047623204288357e+02,-3.017142994031723444e-05,4.726857199044112896e-04,3.302908145861138678e-01,9.908764438501265204e-01,-2.413711982994708823e-07,3.781470106147921499e-06
4.159855020174013873e+01,1.247956387642789622e+02,-3.041280113861670532e-05,4.764671900105592111e-04,3.302982842892774329e-01,9.908839347371127815e-01,-2.413712565595421829e-07,3.781502350412200512e-06
4.192884848602941616e+01,1.257865226990160750e+02,-3.065417239517624750e-05,4.802486923609714116e-04,3.302981248280687510e-01,9.908990529093983923e-01,-2.413713148196439768e-07,3.781488050706304123e-06
4.225914661085748492e+01,1.267774217519254734e+02,-3.089554370999589148e-05,4.840301804116777158e-04,3.302979653667890148e-01,9.908989048932994592e-01,-2.413713729687404089e-07,3.781473751108502691e-06
4.258944457622427393e+01,1.277683206568187728e+02,-3.113691508296463189e-05,4.878116541627862185e-04,3.303016204830129254e-01,9.909140290283033892e-01,-2.413714313399153272e-07,3.781505995039064275e-06
4.291974619670728686e+01,1.287592346858470762e+02,-3.137828651430454722e-05,4.915931601578252827e-04,3.303052755964301923e-01,9.909062417517304766e-01,-2.413714896001018244e-07,3.781445152061381314e-06
4.325005147230371705e+01,1.297501409275988067e+02,-3.161965800390464904e-05,4.953746053098866640e-04,3.303089307070194991e-01,9.909290051787706943e-01,-2.413715478603154266e-07,3.781523938480718661e-06
4.358036040301073655e+01,1.307410699327775774e+02,-3.186102955176496447e-05,4.991561292483673827e-04,3.303087712399772613e-01,9.909212177019526280e-01,-2.413716061205493577e-07,3.781463096162989562e-06
4.391066917425071381e+01,1.317319911504795300e+02,-3.210240115788551383e-05,5.029375923445303723e-04,3.303124263467864807e-01,9.909439752616151509e-01,-2.413716642697880913e-07,3.781495339026425158e-06
4.424098160059750029e+01,1.327229351257411452e+02,-3.234377282215530192e-05,5.067190876835567974e-04,3.303160815804631056e-01,9.909361937125709119e-01,-2.413688122076415262e-07,3.781481039595428230e-06
4.457129768217796340e+01,1.337138713194537161e+02,-3.258514163436294344e-05,5.105005687231522257e-04,3.303159219808193825e-01,9.909436785843297457e-01,-2.413717809007293784e-07,3.781466740050590074e-06
4.490161360415878278e+01,1.347048149980380458e+02,-3.282651341526367282e-05,5.142820354632028157e-04,3.303195770809921328e-01,9.909664364199954889e-01,-2.413718390500562035e-07,3.781498982358480476e-06
4.523193318123977491e+01,1.356957814344580413e+02,-3.306788525431372903e-05,5.180635344455612962e-04,3.303194176081447608e-01,9.909586546626201198e-01,-2.413718974214547385e-07,3.781484682899836393e-06
4.556225259884791967e+01,1.366867400891206614e+02,-3.330925715173518376e-05,5.218450191284611326e-04,3.303230727045232129e-01,9.909661459034850850e-01,-2.413719556818716286e-07,3.781516924941988843e-06
4.589257567155244288e+01,1.376777062350241465e+02,-3.355062910741705539e-05,5.256265360534031214e-04,3.303267277980665995e-01,9.909888912064275246e-01,-2.413720139423020713e-07,3.781456083687319975e-06
4.622290239935050948e+01,1.386686951262305740e+02,-3.379200112135935746e-05,5.294079921370904414e-04,3.303303830243109473e-01,9.909811156449848113e-01,-2.413691616540519194e-07,3.781488325593730312e-06
4.655323278237482043e+01,1.396596762418755588e+02,-3.403337028301340938e-05,5.331894804626841717e-04,3.303302234111598068e-01,9.909886004462293840e-01,-2.413721304625530929e-07,3.781474025993923106e-06
4.688356300578598024e+01,1.406506648423217882e+02,-3.427474241347596248e-05,5.369709544886780948e-04,3.303338784981022513e-01,9.909960917936189162e-01,-2.413721887230716270e-07,3.781506267412550887e-06
4.721389688428408249e+01,1.416416609341154071e+02,-3.451611460219903410e-05,5.407524607560906457e-04,3.303337190175383853e-01,9.910035766020541814e-01,-2.413722469836240424e-07,3.781491967676893148e-06
4.754423060330162087e+01,1.426326645107174613e+02,-3.475748684918265815e-05,5.445339527237675389e-04,3.303373742400239621e-01,9.910263285237874697e-01,-2.413693946926701614e-07,3.781477668271483392e-06
4.787456797754164484e+01,1.436236908392412488e+02,-3.499885624387532831e-05,5.483154303920390223e-04,3.303410291819588451e-01,9.910185461493199455e-01,-2.413723635040986807e-07,3.781463368530187802e-06
4.820490900672360368e+01,1.446147093853905687e+02,-3.524022860737942699e-05,5.520968937605692101e-04,3.303408696975367320e-01,9.910260376031203577e-01,-2.413724217647256350e-07,3.781495609325507753e-06
4.853524987642114041e+01,1.456057354229936891e+02,-3.548160102914415262e-05,5.558783893698947178e-04,3.303445249162919595e-01,9.910335223339075128e-01,-2.413695694717592037e-07,3.781481309892559262e-06
4.886559440133743237e+01,1.465967689453275966e+02,-3.572297059861591183e-05,5.596598706797872771e-04,3.303481798487197807e-01,9.910410138869565344e-01,-2.413725382853764562e-07,3.781513549978160471e-06
4.919594258118615215e+01,1.475878099592145531e+02,-3.596434313690128828e-05,5.634413842297654375e-04,3.303480203604465260e-01,9.910484917140536254e-01,-2.413725965460915019e-07,3.781452710731000345e-06
4.952629060154659868e+01,1.485788584509286068e+02,-3.620571573344737978e-05,5.672228369404964379e-04,3.303516755754642986e-01,9.910559832743501829e-01,-2.413697442510989678e-07,3.781484950681076283e-06
4.985664227712206298e+01,1.495699144342029570e+02,-3.644708547769847875e-05,5.710043218911775142e-04,3.303553304983921635e-01,9.910482073707953532e-01,-2.413727130669049534e-07,3.781517190655004669e-06
5.018699760762045514e+01,1.505609626415737523e+02,-3.668845819076538371e-05,5.747858390818325188e-04,3.303551711532932700e-01,9.910709525262859643e-01,-2.413698607705639428e-07,3.781456351686376081e-06
5.051735277877374841e+01,1.515520335941000383e+02,-3.692982805153594765e-05,5.785672954335188949e-04,3.303588260705083712e-01,9.910784441894406882e-01,-2.413728295878336014e-07,3.781488591081015246e-06
5.084771160484425678e+01,1.525431120382894790e+02,-3.717120088112378125e-05,5.823487840245999102e-04,3.303624812799270671e-01,9.910859359483481512e-01,-2.413699772901441143e-07,3.781520830499398439e-06
5.117807408612418385e+01,1.535341979742378271e+02,-3.741257085841392536e-05,5.861303048550993086e-04,3.303623216359454773e-01,9.910934134285867003e-01,-2.413729461088706695e-07,3.781459992031237574e-06
5.150843640776012933e+01,1.545252913876664138e+02,-3.765394380452279603e-05,5.899117648471305462e-04,3.303659768434883404e-01,9.910856373465435354e-01,-2.413700939208617848e-07,3.781492231092159310e-06
5.183880238460361767e+01,1.555163770250129573e+02,-3.789531389844365782e-05,5.936932570782227055e-04,3.303696317474162925e-01,9.911083897194146175e-01,-2.413730625189938555e-07,3.781477931462753385e-06
5.216917201635103396e+01,1.565074854147323720e+02,-3.813668696096265167e-05,5.974747350096854589e-04,3.303694724003705119e-01,9.911158815847613823e-01,-2.413702104406655730e-07,3.781510170036109404e-06
5.249954148875140447e+01,1.574986012963171333e+02,-3.837805717140331725e-05,6.012562451797215683e-04,3.303731274523471484e-01,9.911233588030938790e-01,-2.413702685892266803e-07,3.781449332352368811e-06
5.282991461620375162e+01,1.584897246551202272e+02,-3.861942743999254393e-05,6.050376945120739371e-04,3.303767823467609333e-01,9.911155900140613539e-01,-2.413732374116124178e-07,3.781528108754545446e-06
5.316029139855051255e+01,1.594808402451342886e+02,-3.886080067740415634e-05,6.088192226208284825e-04,3.303766229987559200e-01,9.911383351687277354e-01,-2.413703851091998751e-07,3.781467271065275422e-06
5.349066802154926847e+01,1.604719785803030163e+02,-3.910217106251335622e-05,6.126006898918937580e-04,3.303802780441031928e-01,9.911305589461960608e-01,-2.413704434799004549e-07,3.781499509015215192e-06
5.382104829959337167e+01,1.614631091392492124e+02,-3.934354150599325667e-05,6.163821894009089732e-04,3.303801183827559385e-01,9.911533115947293027e-01,-2.413734121934526231e-07,3.781485209552667981e-06
5.415142841797612761e+01,1.624542624508439417e+02,-3.958491491818670930e-05,6.201636746104616411e-04,3.303875881263067527e-01,9.911455277545542231e-01,-2.413705598890207539e-07,3.781470909754451777e-06
5.448181600610243436e+01,1.634454079785984959e+02,-3.982628547807573005e-05,6.239451455202160929e-04,3.303836140743570127e-01,9.911682880812122676e-01,-2.413706181487803464e-07,3.781503147370999379e-06
5.481219962017679137e+01,1.644365762666797082e+02,-4.006765609622451040e-05,6.277266486675870923e-04,3.303910834951011566e-01,9.911605041327220533e-01,-2.413735869755435502e-07,3.781488847437041063e-06
5.514259070367189253e+01,1.654277367708124302e+02,-4.030902968320005395e-05,6.315081375150241334e-04,3.303909241451563616e-01,9.911832569344483090e-01,-2.413707347801146569e-07,3.781474548055050074e-06
5.547298162781704889e+01,1.664189200277468785e+02,-4.055040041798016861e-05,6.352896120630791834e-04,3.303945791772733287e-01,9.911754727856987301e-01,-2.413707929289332622e-07,3.781460248559543116e-06
5.580337620699432222e+01,1.674100955005325773e+02,-4.079177121090910187e-05,6.390710723116387265e-04,3.303944196658221699e-01,9.911829648513332813e-01,-2.413708511888080512e-07,3.781492485108802100e-06
5.613377062666014439e+01,1.684012784653839105e+02,-4.103314206209790992e-05,6.428525647967475286e-04,3.304018892339470881e-01,9.912057177908479844e-01,-2.413709095597390240e-07,3.781478185699380795e-06
5.646417251589409148e+01,1.693924841831747585e+02,-4.127451297165764894e-05,6.466340429824469094e-04,3.303979150145082144e-01,9.911979413575409126e-01,-2.413738782791255552e-07,3.781510421983010246e-06
5.679457043090859969e+01,1.703836821245322994e+02,-4.151588684993677450e-05,6.504155534044299197e-04,3.304053847413470635e-01,9.912054256482747405e-01,-2.413710259692997801e-07,3.781496122216019065e-06
5.712497581564994675e+01,1.713748875501805742e+02,-4.175725787590607428e-05,6.541970495266459388e-04,3.304052252241476140e-01,9.912129098966033780e-01,-2.413710842292897656e-07,3.781481822557231261e-06
5.745538104087409437e+01,1.723661004600771776e+02,-4.199862896013536404e-05,6.579785313492031700e-04,3.304088802430129590e-01,9.912203941024699816e-01,-2.413711426003291587e-07,3.781467523006538413e-06
5.778578992111710733e+01,1.733573208541796475e+02,-4.224000010273569320e-05,6.617599988722097084e-04,3.304087207238666224e-01,9.912431553181875188e-01,-2.413712007493374993e-07,3.781499758666860035e-06
5.811619864184097395e+01,1.743485640094978351e+02,-4.248137130348503070e-05,6.655414986308765685e-04,3.304123757389376692e-01,9.912353706445458101e-01,-2.413712591204446550e-07,3.781485459202469680e-06
5.844661101757991162e+01,1.753397993801423809e+02,-4.272274256260547536e-05,6.693229840900790381e-04,3.304160307512020722e-01,9.912428548150558072e-01,-2.413713172695139820e-07,3.781471159402301913e-06
5.877702704833111369e+01,1.763310422349574367e+02,-4.296411387987498934e-05,6.731044552494813401e-04,3.304158712281832777e-01,9.912503471892364360e-01,-2.413713755296327166e-07,3.781503394507403602e-06
5.910744291955929697e+01,1.773222925821466731e+02,-4.320548525540462206e-05,6.768859586439887437e-04,3.304195262366320662e-01,9.912578313670792340e-01,-2.413714339008211874e-07,3.781489095015474512e-06
5.943786244579592903e+01,1.783135504135137523e+02,-4.344685668930544324e-05,6.806674477390042182e-04,3.304231812422884218e-01,9.912653155022894680e-01,-2.413714920499786059e-07,3.781474795187768009e-06
5.976828562703821746e+01,1.793048157290160418e+02,-4.368822818135542185e-05,6.844489225341919862e-04,3.304230217154042748e-01,9.912727995951513549e-01,-2.413715504212145106e-07,3.781460495690309488e-06
6.009870864875362173e+01,1.802960885286111932e+02,-4.392959973177663636e-05,6.882303830298822957e-04,3.304266767172521213e-01,9.912802920757997072e-01,-2.413716085704329154e-07,3.781492730393931113e-06
6.042913532547087385e+01,1.812873688206869929e+02,-4.417097134034706927e-05,6.920118757602762268e-04,3.304303317162649023e-01,9.912877761758522865e-01,-2.413716668306939515e-07,3.781478430760730480e-06
6.075956565718713875e+01,1.822786565968628452e+02,-4.441234300717776323e-05,6.957933541910369573e-04,3.304301721855438245e-01,9.912799992918621683e-01,-2.413717252020179476e-07,3.781510664533022439e-06
6.108999582937268258e+01,1.832699365961547073e+02,-4.465371473237978117e-05,6.995748648555699797e-04,3.304338271807694127e-01,9.913027528051827630e-01,-2.413717833513176676e-07,3.781496364986124299e-06
6.142042965655345199e+01,1.842612393489598901e+02,-4.489508651573109884e-05,7.033563612205561040e-04,3.304374821731599354e-01,9.913102368698787359e-01,-2.413718417226890975e-07,3.781482065325384931e-06
6.175086713872661193e+01,1.852525495858297688e+02,-4.513645835745378794e-05,7.071378432858814889e-04,3.304373228192858392e-01,9.913177208922263617e-01,-2.413689894013436744e-07,3.781467765772848939e-06
6.208130446154589777e+01,1.862438673067219952e+02,-4.537782734685513161e-05,7.109193110516543379e-04,3.304409776281431732e-01,9.913252135784489383e-01,-2.413719581317551864e-07,3.781499999143986095e-06
6.241174543917404094e+01,1.872351925203004441e+02,-4.561919930498688680e-05,7.147008110507983240e-04,3.304408180916098559e-01,9.913174278557050911e-01,-2.413720163921856290e-07,3.781485699455707991e-06
6.274218625726565080e+01,1.882265099481561492e+02,-4.586057132137907243e-05,7.184822967502540320e-04,3.304482875978109746e-01,9.913401815372253623e-01,-2.413720747636790317e-07,3.781471399875633264e-06
6.307263454486346177e+01,1.892178501296933746e+02,-4.610194339614275146e-05,7.222637681501296652e-04,3.304443135369936613e-01,9.913476743263061053e-01,-2.413721329131481583e-07,3.781503632691333647e-06
6.340307885840045543e+01,1.902091978040196807e+02,-4.634331552905589962e-05,7.260452717828209989e-04,3.304517832230686736e-01,9.913398883951742846e-01,-2.413692806994504583e-07,3.781489332975733648e-06
6.373353064162352410e+01,1.912005376924148550e+02,-4.658468480975535008e-05,7.298267611157967325e-04,3.304554380148587711e-01,9.913626422145398465e-01,-2.413722495445366789e-07,3.781475033368120187e-06
6.406398607963838288e+01,1.921919003346293948e+02,-4.682605705929988676e-05,7.336082361491648527e-04,3.304514639529685383e-01,9.913548560832055045e-01,-2.413723076940871206e-07,3.781460734090754706e-06
6.439443754359135141e+01,1.931832551907126003e+02,-4.706742936699397388e-05,7.373896968832556074e-04,3.304589336325278737e-01,9.913776189615930434e-01,-2.413694554783700941e-07,3.781492966061319495e-06
6.472489647722387929e+01,1.941746328096741934e+02,-4.730879882247234397e-05,7.411711898493169269e-04,3.304587738989539503e-01,9.913698327219435669e-01,-2.413724242146295215e-07,3.781478666426275718e-06
6.505535525112283324e+01,1.951660026423961369e+02,-4.755017124668697349e-05,7.449526685157432026e-04,3.304586143527359354e-01,9.913925958150855422e-01,-2.413724825863126596e-07,3.781510898353147160e-06
6.538581386547556917e+01,1.961573952382112225e+02,-4.779154372927328615e-05,7.487341794140963498e-04,3.304660840258151211e-01,9.913848094671777744e-01,-2.413696302575404516e-07,3.781496598582469691e-06
6.571627994950138429e+01,1.971487800476784003e+02,-4.803291335953082660e-05,7.525156760126788195e-04,3.304659242854910417e-01,9.914075635621770743e-01,-2.413725989959886122e-07,3.781482298698167835e-06
6.604674587378687534e+01,1.981401876112405773e+02,-4.827428595852681522e-05,7.562971583113769873e-04,3.304657649286468768e-01,9.913997770140383636e-01,-2.413697467769037827e-07,3.781467999365724884e-06
6.637721163871552221e+01,1.991315873882546157e+02,-4.851565570530371900e-05,7.600786263107427122e-04,3.304732342088101404e-01,9.914072699996836491e-01,-2.413727156278311424e-07,3.781500230447569152e-06
6.670768487292433235e+01,2.001229946582542993e+02,-4.875702842093155014e-05,7.638601265411902813e-04,3.304730746549466858e-01,9.914300242324998180e-01,-2.413727737776119771e-07,3.781485930535728561e-06
6.703815794757927904e+01,2.011144246824867992e+02,-4.899840119470916212e-05,7.676416124717260099e-04,3.304805443159750666e-01,9.914222374759731338e-01,-2.413699215564942685e-07,3.781471631175855296e-06
6.736863849189525411e+01,2.021058469199627723e+02,-4.923977111626565639e-05,7.714230841029018652e-04,3.304727557432300955e-01,9.914297305643628988e-01,-2.413699798159489292e-07,3.781503861702262791e-06
6.769911124763848420e+01,2.030972766505271352e+02,-4.948114109608160532e-05,7.752045879646041280e-04,3.304802248102589601e-01,9.914372142596334925e-01,-2.413758591531542722e-07,3.781489561984928069e-06
6.802959147244874316e+01,2.040887138647867687e+02,-4.972251695523475959e-05,7.789860775265890561e-04,3.304876946618406919e-01,9.914446979124136305e-01,-2.413700963363422524e-07,3.781475262375688304e-06
6.836007916711058385e+01,2.050801585626991823e+02,-4.996388705157110184e-05,7.827675527889647444e-04,3.304799060907583907e-01,9.914674523136000062e-01,-2.413701545958782282e-07,3.781460962874543495e-06
6.869055907320134224e+01,2.060716260150127823e+02,-5.020525720616698007e-05,7.865490137518392879e-04,3.304873755444361905e-01,9.914596844022298683e-01,-2.413702128554480854e-07,3.781539722296054125e-06
6.902104644874577843e+01,2.070630856994150122e+02,-5.044662741902242815e-05,7.903305534741353420e-04,3.304948449925433351e-01,9.914671487658495153e-01,-2.413702711150382714e-07,3.781432363844931983e-06
6.935154129373832177e+01,2.080545528481808617e+02,-5.068799769013746642e-05,7.941119858379802740e-04,3.304870560174890670e-01,9.914746516867865012e-01,-2.413761504594129012e-07,3.781511122557049132e-06
6.968202834975581084e+01,2.090460274998676482e+02,-5.092937384059687933e-05,7.978934969605373231e-04,3.304945258654896634e-01,9.914821353114291469e-01,-2.413703876357161976e-07,3.781496822784745360e-06
7.001252287562130050e+01,2.100375096351790773e+02,-5.117074422823259552e-05,8.016749937833220685e-04,3.305019953042318548e-01,9.914896188937234456e-01,-2.413704458953944750e-07,3.781482523342472729e-06
7.034302487092553235e+01,2.110289992540728008e+02,-5.141211467412799000e-05,8.054564763066645412e-04,3.304942067364606828e-01,9.914971024334136018e-01,-2.413705041551066337e-07,3.781468223564531106e-06
7.067351907766199304e+01,2.120204963565062144e+02,-5.165348517828309663e-05,8.092379445302290723e-04,3.305016761713801543e-01,9.915045859308406762e-01,-2.413705624148323450e-07,3.781453924338665229e-06
7.100402075383337319e+01,2.130120009424370551e+02,-5.189485574069792898e-05,8.130193984545677375e-04,3.305015166039737551e-01,9.915120892837876454e-01,-2.413706206745987138e-07,3.781532680906230480e-06
7.133452227043734695e+01,2.140035130317208427e+02,-5.213622636137252769e-05,8.168009311354739680e-04,3.305089856142302551e-01,9.915042815800347853e-01,-2.413764999165433434e-07,3.781425325415413950e-06
7.166503125605157720e+01,2.149950173133008775e+02,-5.237760286128907103e-05,8.205823564608893820e-04,3.305088264582565216e-01,9.915270562846956182e-01,-2.413707371956086770e-07,3.781504081717566509e-06
7.199554008250983372e+01,2.159865443695855731e+02,-5.261897359848467971e-05,8.243638605426069485e-04,3.305086668869989808e-01,9.915345397963619689e-01,-2.413707954554631372e-07,3.781489781776560880e-06
7.232604874939683270e+01,2.169780789093819351e+02,-5.286034439394014285e-05,8.281453503243835093e-04,3.305161363050359569e-01,9.915420232655378641e-01,-2.413708537153311500e-07,3.781475482387630996e-06
7.265656488570186866e+01,2.179696209326474730e+02,-5.310171524765547400e-05,8.319268258067711403e-04,3.305159767299699070e-01,9.915495270506085035e-01,-2.413709119752398204e-07,3.781554237254625139e-06
7.298708086243183857e+01,2.189611704596980815e+02,-5.334308615963071382e-05,8.357083800440257655e-04,3.305158171548328028e-01,9.915417185700050595e-01,-2.413709702351688195e-07,3.781446883138360124e-06
7.331759667958667137e+01,2.199527121782680865e+02,-5.358445712986588264e-05,8.394898269271641256e-04,3.305232865635048256e-01,9.915644939952699133e-01,-2.413710284951249238e-07,3.781525637517896971e-06
7.364811996615017620e+01,2.209442766722633564e+02,-5.382582815836100756e-05,8.432713525646820226e-04,3.305231269845734232e-01,9.915719568443535081e-01,-2.413710867551149093e-07,3.781418284321685919e-06
7.397864309313474962e+01,2.219358486291077099e+02,-5.406719924511612247e-05,8.470527708490037085e-04,3.305229674055851774e-01,9.915641890560209504e-01,-2.413711450151319999e-07,3.781497038213873889e-06
7.430916606054033480e+01,2.229274128181637309e+02,-5.430857039013125447e-05,8.508342678872175824e-04,3.305228078265400882e-01,9.915869441687448216e-01,-2.413712032751694193e-07,3.781482738769866535e-06
7.463968886836687489e+01,2.239189997623324757e+02,-5.454994159340642389e-05,8.546157506259874489e-04,3.305302772239429032e-01,9.915791556377655525e-01,-2.413712615352474962e-07,3.781468438990407029e-06
7.497021914559081779e+01,2.249105789179702413e+02,-5.479131285494167139e-05,8.583972190649778559e-04,3.305377466157466415e-01,9.916019317834638969e-01,-2.413713197953459020e-07,3.781547191447653423e-06
7.530075689220656443e+01,2.259021808497537052e+02,-5.503268417473701729e-05,8.621787662564255094e-04,3.305299580563314521e-01,9.915941221418052010e-01,-2.413713780554781890e-07,3.781439840069540995e-06
7.563128685026289588e+01,2.268937749718955104e+02,-5.527405555279249548e-05,8.659602060964950504e-04,3.305374274443551030e-01,9.916168985020590299e-01,-2.413714363156240286e-07,3.781518591817502328e-06
7.596182427770725099e+01,2.278853918703975694e+02,-5.551542698910811951e-05,8.697417246883125527e-04,3.305372678576503631e-01,9.916091097546200217e-01,-2.413714945758173021e-07,3.781504292210539388e-06
7.629236154556490135e+01,2.288770009801521894e+02,-5.575679848368393681e-05,8.735232289805230921e-04,3.305447372381991045e-01,9.916318651428923658e-01,-2.413715528360309043e-07,3.781489992268015875e-06
7.662290628280310045e+01,2.298686328452950818e+02,-5.599817003651996771e-05,8.773047189727911080e-04,3.305445776476858555e-01,9.916240761951939930e-01,-2.413716110962648353e-07,3.781475692877459688e-06
7.695345086045078631e+01,2.308602569214902758e+02,-5.623954164761623255e-05,8.810861946656685676e-04,3.305444180571157631e-01,9.916315593229683145e-01,-2.413716693565394239e-07,3.781461393373062273e-06
7.728399527850790207e+01,2.318518884808132441e+02,-5.648091331697277197e-05,8.848676560590416299e-04,3.305442584665172490e-01,9.916543147569711891e-01,-2.413717276168275650e-07,3.781447093754932050e-06
7.761453953697441932e+01,2.328435427955702153e+02,-5.672228504458959954e-05,8.886491031527965620e-04,3.305517278357541500e-01,9.916465472476261311e-01,-2.413717858771631400e-07,3.781525843780638232e-06
7.794509126481017347e+01,2.338351893428178414e+02,-5.696365683046676268e-05,8.924306289965772002e-04,3.305515682413471268e-01,9.916540304321301846e-01,-2.413718441375054913e-07,3.781511543896878477e-06
7.827564283305152060e+01,2.348268433732499716e+02,-5.720502867460426817e-05,8.962121405404740787e-04,3.305590376031233291e-01,9.916615135742290477e-01,-2.413719023978952763e-07,3.781497244121430519e-06
7.860620187065464393e+01,2.358185048868242006e+02,-5.744640057700216344e-05,8.999936377845955092e-04,3.305588780048935860e-01,9.916689966737806117e-01,-2.413719606582986140e-07,3.781482944454077517e-06
7.893676074865953751e+01,2.368101738834979813e+02,-5.768777253766046206e-05,9.037751207290495867e-04,3.305587184066354212e-01,9.916917523682684532e-01,-2.413720189187426091e-07,3.781468644894927893e-06
7.926731946706617293e+01,2.378018656358662497e+02,-5.792914455657920467e-05,9.075565893739445146e-04,3.305585588083062021e-01,9.916839628034210818e-01,-2.413720771792069331e-07,3.781454345443873225e-06
7.959787802587447914e+01,2.387935495986696708e+02,-5.817051663375841160e-05,9.113380437193883878e-04,3.305660286240765799e-01,9.916914680667048287e-01,-2.413663144224190561e-07,3.781533093303343467e-06
7.992844405449855572e+01,2.397852410667363756e+02,-5.841188294818083066e-05,9.151195768126917313e-04,3.305658685585939338e-01,9.916989287976321066e-01,-2.413721936988142097e-07,3.781425746514333573e-06
8.025900992305714965e+01,2.407769399955340077e+02,-5.865325514187964487e-05,9.189010025592060649e-04,3.305733379015975970e-01,9.917064341600223543e-01,-2.413722519593666251e-07,3.781504493664627174e-06
8.058958326095874725e+01,2.417686464296940301e+02,-5.889462739383901149e-05,9.226825070528706920e-04,3.305731782956655707e-01,9.917139171890028138e-01,-2.413723102199393693e-07,3.781490193942521963e-06
8.092015643925441282e+01,2.427603603468830329e+02,-5.913599970405895086e-05,9.264639972468132140e-04,3.305730186896909117e-01,9.917214001756917696e-01,-2.413723684805527711e-07,3.781475894550231052e-06
8.125072945794410373e+01,2.437520817470587247e+02,-5.937737207253950363e-05,9.302454731413634451e-04,3.305728590836309877e-01,9.917288831197481613e-01,-2.413724267411797254e-07,3.781461594822596410e-06
8.158130231702773472e+01,2.447438106301784728e+02,-5.961874449928068336e-05,9.340269347361860415e-04,3.305803284153796540e-01,9.917363888645525094e-01,-2.413724850018473373e-07,3.781540340516155972e-06
8.191188264544311437e+01,2.457355470190430253e+02,-5.986011698428253070e-05,9.378084750767021974e-04,3.305801692843033379e-01,9.917285758162108777e-01,-2.413667221243945347e-07,3.781432995783443919e-06
8.224246281472741771e+01,2.467272755948592362e+02,-6.010148370640692523e-05,9.415899080724856414e-04,3.305876381317034429e-01,9.917513547590317557e-01,-2.413726015218476371e-07,3.781511740989654605e-06
8.257305045285912115e+01,2.477190269496182680e+02,-6.034285630792877287e-05,9.453714198134752960e-04,3.305798495857601438e-01,9.917588377174411107e-01,-2.413726597825965642e-07,3.781497441212580343e-06
8.290363030244488129e+01,2.487107857873357091e+02,-6.058422896771136943e-05,9.491529172546878763e-04,3.305873189062111805e-01,9.917663206334452752e-01,-2.413727180433725963e-07,3.781483141543817879e-06
8.323421762135109248e+01,2.497025521079691543e+02,-6.082560168575474203e-05,9.529344003962316942e-04,3.305947887075433300e-01,9.917738035070442493e-01,-2.413669551604174677e-07,3.781468841983150371e-06
8.356481241005863581e+01,2.506943259114761986e+02,-6.106696864091515950e-05,9.567158692382148446e-04,3.305946286055103656e-01,9.917660362881406400e-01,-2.413728345635965129e-07,3.781547585289079909e-06
8.389540703866414617e+01,2.516860919477643392e+02,-6.130834147547875601e-05,9.604974168235039245e-04,3.305944689879396492e-01,9.917887691610758338e-01,-2.413728928244606364e-07,3.781440242834385040e-06
8.422600150765208582e+01,2.526778807169254151e+02,-6.154971436830321664e-05,9.642788570663383095e-04,3.305943093703263003e-01,9.917962754865357056e-01,-2.413729510853518650e-07,3.781518985652857281e-06
8.455659581702241212e+01,2.536696769924119508e+02,-6.179108731938856851e-05,9.680603760519911668e-04,3.306017791681057361e-01,9.917884610849796445e-01,-2.413671881968808578e-07,3.781411644118216377e-06
8.488719759619051786e+01,2.546614654534969304e+02,-6.203245450758544937e-05,9.718417876961093832e-04,3.306016190544340816e-01,9.918112410700530290e-01,-2.413730676057926220e-07,3.781490386449231321e-06
8.521779921524495194e+01,2.556532766945669835e+02,-6.227382757519124199e-05,9.756232780825586145e-04,3.306014594329553802e-01,9.918187238729672117e-01,-2.413731258667787183e-07,3.781476086833811603e-06
8.554840067467790732e+01,2.566450954184399507e+02,-6.251520070105802071e-05,9.794047541693924261e-04,3.306089287271731791e-01,9.918109567893793610e-01,-2.413731841277783671e-07,3.781554828195766646e-06
8.587900960340508050e+01,2.576369063752293300e+02,-6.275657388518579907e-05,9.831863089975881927e-04,3.306087696037849355e-01,9.918184155368976462e-01,-2.413674212337914814e-07,3.781447487575650274e-06
8.620961837300886543e+01,2.586287247907662277e+02,-6.299794130641959056e-05,9.869677564851638430e-04,3.306086094785030127e-01,9.918259222283722920e-01,-2.413733006484630695e-07,3.781526228228103415e-06
8.654022698248736845e+01,2.596205507129946000e+02,-6.323931460706805363e-05,9.907492827133919464e-04,3.306160787633274367e-01,9.918639286357802121e-01,-2.413733589095304810e-07,3.781418888971696535e-06
8.687084306125069588e+01,2.606124146416303802e+02,-6.348068796597758411e-05,9.945307016023636430e-04,3.306159196418434476e-01,9.918408876129092278e-01,-2.413675961224594820e-07,3.781497628915081455e-06
8.720145898089253933e+01,2.616042555292432894e+02,-6.372205556210004359e-05,9.983121992312787244e-04,3.306157595069407762e-01,9.918483702299454308e-01,-2.413734754303913663e-07,3.781483329466737292e-06
8.753207474039948011e+01,2.625961038994732348e+02,-6.396342903753043495e-05,1.002093682560745462e-03,3.306232287824002469e-01,9.918558773036352250e-01,-2.413735336915536454e-07,3.781562068440845470e-06
8.786269796918188035e+01,2.635879597767768701e+02,-6.420480257122198860e-05,1.005875244629186307e-03,3.306230696628347232e-01,9.918633354285475434e-01,-2.413677707893132707e-07,3.781454729877026938e-06
8.819332103884471508e+01,2.645798231122054176e+02,-6.444617034201130187e-05,1.009656699359063334e-03,3.306229095182970923e-01,9.918708179181408013e-01,-2.413736502125636086e-07,3.781440430753076065e-06
8.852394394836301217e+01,2.655716939301235584e+02,-6.468754399222386548e-05,1.013438139789816410e-03,3.306303793016382997e-01,9.918783251405898227e-01,-2.413678873075856234e-07,3.781519168996215138e-06
8.885457432766465047e+01,2.665635722552641482e+02,-6.492891187953145110e-05,1.017219658958812625e-03,3.306302191494552289e-01,9.919163564659925214e-01,-2.413737667336955444e-07,3.781504869163196045e-06
8.918520454681410570e+01,2.675554886117301407e+02,-6.517028564626514665e-05,1.021001163827975821e-03,3.306300595125577502e-01,9.918932903911468202e-01,-2.413738249950204539e-07,3.781490569438163488e-06
8.951583460632666345e+01,2.685473819021212876e+02,-6.541165947126016710e-05,1.024782654397413985e-03,3.306375292922751896e-01,9.919007728950077762e-01,-2.413680620858818428e-07,3.781476269821334307e-06
8.984647213561893864e+01,2.695392826750162953e+02,-6.565302753334604894e-05,1.028564130667235319e-03,3.306373691304713702e-01,9.919082553564635418e-01,-2.413739415163014676e-07,3.781461970312491663e-06
9.017710950474941001e+01,2.705311909303727589e+02,-6.589440147486235041e-05,1.032345592637547811e-03,3.306372100166186101e-01,9.919157377755709604e-01,-2.413681786044387986e-07,3.781447670912069237e-06
9.050774671476602862e+01,2.715231066681483298e+02,-6.613576965346678921e-05,1.036127040308459880e-03,3.306446787389489828e-01,9.919232454793132092e-01,-2.413740580377180065e-07,3.781526406989622890e-06
9.083839139350497760e+01,2.725150299136276431e+02,-6.637714371150450722e-05,1.039908566715449503e-03,3.306445196251246443e-01,9.919307279976123937e-01,-2.413682952341129244e-07,3.781512107323570931e-06
9.116903591313010224e+01,2.735069606416252554e+02,-6.661851200673862014e-05,1.043690078822773074e-03,3.306443594517247675e-01,9.919382104731653271e-01,-2.413741745592429657e-07,3.781497807322066820e-06
9.149968027258182701e+01,2.744988988520984208e+02,-6.685988618129786311e-05,1.047471576630095141e-03,3.306518292242230928e-01,9.919456929065972872e-01,-2.413684116418508656e-07,3.781483507872204775e-06
9.183033210180605010e+01,2.754908445450050181e+02,-6.710125459293971397e-05,1.051253060137967345e-03,3.306516690431635652e-01,9.919531752973966832e-01,-2.413742910808763451e-07,3.781469208086890577e-06
9.216098377084921367e+01,2.764827977203024147e+02,-6.734262888402059032e-05,1.055034529346054236e-03,3.306515099331335250e-01,9.919606576457340452e-01,-2.413685281607466345e-07,3.781454908631824360e-06
9.249163528078234719e+01,2.774747583779481488e+02,-6.758399741218133695e-05,1.058815984254686060e-03,3.306589786251379337e-01,9.919681658310537387e-01,-2.413744076026181446e-07,3.781533642765403519e-06
9.282229425940748513e+01,2.784667265437792025e+02,-6.782537181978395510e-05,1.062597517897451464e-03,3.306511906399691725e-01,9.919756223073932233e-01,-2.413686446797372711e-07,3.781426309915547276e-06
9.315294545004745430e+01,2.794587021660865958e+02,-6.806674046446369237e-05,1.066378944207367011e-03,3.306662881977189272e-01,9.919525803547912801e-01,-2.413745241244819170e-07,3.781505043118447290e-06
9.348361173824517323e+01,2.804506547464413870e+02,-6.830811498858817428e-05,1.070160449250485458e-03,3.306585002162591991e-01,9.919906128389470723e-01,-2.413687611988363279e-07,3.781490743613941455e-06
9.381427023846143243e+01,2.814426453592803341e+02,-6.854948374978701061e-05,1.073941939994099400e-03,3.306659688893063276e-01,9.919980951592037854e-01,-2.413746406464541095e-07,3.781476443995811232e-06
9.414493620735073875e+01,2.824346434544395379e+02,-6.879085839043346472e-05,1.077723416438095211e-03,3.306658097830990073e-01,9.920055774369984647e-01,-2.413688778290932124e-07,3.781462144485667545e-06
9.447560201713383776e+01,2.834266490318765364e+02,-6.903222726826255793e-05,1.081504878582580879e-03,3.306732784448200846e-01,9.920130861034976988e-01,-2.413747571685482748e-07,3.781540876232267201e-06
9.480627529557865785e+01,2.844186621179800341e+02,-6.927360202543110621e-05,1.085286419458813146e-03,3.306731193386980294e-01,9.920205419572880601e-01,-2.413689942373868072e-07,3.781433545438491958e-06
9.513694841491735588e+01,2.854106826599373221e+02,-6.951497101966849302e-05,1.089067853004251638e-03,3.306729596825306317e-01,9.920280507228653732e-01,-2.413690524963942345e-07,3.781512276697417477e-06
9.546762137459988651e+01,2.864027107106601875e+02,-6.975634007216488725e-05,1.092849365280949055e-03,3.306804283290460944e-01,9.920049819702967397e-01,-2.413749319511813030e-07,3.781497976916656928e-06
9.579830180292893260e+01,2.873947156926304842e+02,-6.999771500411606855e-05,1.096630863257865712e-03,3.306802692248567155e-01,9.920430151491927973e-01,-2.413691690158863146e-07,3.781483677243666075e-06
9.612898207215378932e+01,2.883867587077796770e+02,-7.023908417313195487e-05,1.100412346935109378e-03,3.306801090032678303e-01,9.920504973563879503e-01,-2.413750484735465189e-07,3.781469377900706363e-06
9.645966218115705715e+01,2.893788092051360650e+02,-7.048045922160550139e-05,1.104193816313010085e-03,3.306799499028016953e-01,9.920579795210642260e-01,-2.413692855355139199e-07,3.781455078222294500e-06
9.679034213105985884e+01,2.903708671846571292e+02,-7.072182850714101531e-05,1.107975271391232379e-03,3.306874190957387327e-01,9.920349372121677334e-01,-2.413693439056791750e-07,3.781533807559796928e-06
9.712102955015559758e+01,2.913629021218692969e+02,-7.096319785104669448e-05,1.111756805198792176e-03,3.306872588645433098e-01,9.920729708669000502e-01,-2.413752232566132279e-07,3.781519507837800137e-06
9.745171680902014089e+01,2.923549750927361970e+02,-7.120457307430330771e-05,1.115538324706629976e-03,3.306947286154127141e-01,9.920804258293287603e-01,-2.413694603144335557e-07,3.781412179797898412e-06
9.778241153763555360e+01,2.933470555185655257e+02,-7.144594253461774127e-05,1.119319736886427875e-03,3.306945689477345240e-01,9.920573833229013871e-01,-2.413695185736578234e-07,3.781490908626259501e-06
9.811310610658328812e+01,2.943391129018884271e+02,-7.168731205319139909e-05,1.123101227795054134e-03,3.306944087068757199e-01,9.920954171964240231e-01,-2.413753980399238825e-07,3.781476608785000471e-06
9.844380051529016384e+01,2.953312083190848512e+02,-7.192868745123132297e-05,1.126882704403839135e-03,3.306942496102323048e-01,9.921029268255665556e-01,-2.413696350936106894e-07,3.781555336422473892e-06
9.877449476490039615e+01,2.963233112459104177e+02,-7.217005708632493366e-05,1.130664259740261609e-03,3.307017187844394357e-01,9.920798292356494130e-01,-2.413696933529298249e-07,3.781448009740643809e-06
9.910519648368483558e+01,2.973153910751460671e+02,-7.241142677967786349e-05,1.134445707750002252e-03,3.307015585339598829e-01,9.921178910470302981e-01,-2.413755728234920350e-07,3.781526736669049010e-06
9.943589804221879547e+01,2.983075089661930974e+02,-7.265280235250135552e-05,1.138227234486671301e-03,3.307090282776243839e-01,9.921253453870235717e-01,-2.413698099840811762e-07,3.781419410907056050e-06
9.976660707049641985e+01,2.992996343115801210e+02,-7.289417216248543670e-05,1.142008653897578357e-03,3.307012397656734493e-01,9.921023026693092106e-01,-2.413698681324457718e-07,3.781498137348220795e-06
1.000973083102620933e+02,3.002917366142494302e+02,-7.313554203061788247e-05,1.145790152034926578e-03,3.307163377633060009e-01,9.921403371647556924e-01,-2.413699263918733275e-07,3.781483837674145740e-06
1.004280246480253993e+02,3.012838769514141859e+02,-7.337691195700975580e-05,1.149571635872600724e-03,3.307085486646599293e-01,9.921172664124924268e-01,-2.413758058681547041e-07,3.781469538108057221e-06
1.007587331966900592e+02,3.022759942178266783e+02,-7.361828776287791050e-05,1.153353105410708781e-03,3.307160184047432949e-01,9.921553292326166229e-01,-2.413700429122327693e-07,3.781548263115039332e-06
1.010894492150948025e+02,3.032681495470592949e+02,-7.385965780579014327e-05,1.157134653673823821e-03,3.307158587254406257e-01,9.921322300779706893e-01,-2.413701011717280876e-07,3.781440938948991970e-06
1.014201650738202432e+02,3.042602817771372656e+02,-7.410102790696187136e-05,1.160916094612772812e-03,3.307156990460384804e-01,9.921702932280140885e-01,-2.413701595422999184e-07,3.781519663468299944e-06
1.017508807728662816e+02,3.052524520703652797e+02,-7.434239806650417128e-05,1.164697614276241112e-03,3.307231675978243857e-01,9.921472220284499599e-01,-2.413760389132917116e-07,3.781505363853422327e-06
1.020816039404641060e+02,3.062445992923937297e+02,-7.458377410541746299e-05,1.168479119640094535e-03,3.307230085070074210e-01,9.921852571456497571e-01,-2.413702759518403457e-07,3.781491063902658878e-06
1.024123269489711134e+02,3.072367845495393794e+02,-7.482514438136930333e-05,1.172260610703997194e-03,3.307304776456021500e-01,9.921621856303772802e-01,-2.413703342114576367e-07,3.781476764503971175e-06
1.027430574266167156e+02,3.082289467351697567e+02,-7.506651471558076097e-05,1.176042087468501165e-03,3.307226891386392253e-01,9.922002208933804468e-01,-2.413703924711291379e-07,3.781462464769831319e-06
1.030737801157553548e+02,3.092211469560631372e+02,-7.530788510805189011e-05,1.179823549933270996e-03,3.309537779922067102e-01,9.928340855481110339e-01,-7.374026292180808624e-06,1.300156926253804787e-05
1.034047338937475615e+02,3.102139810416112482e+02,-8.268191140023269873e-05,1.192825119195809044e-03,3.319425669990039296e-01,9.929203648790689840e-01,-1.022299509805969634e-05,1.663698822510200487e-05
1.037366764607465655e+02,3.112069014064903172e+02,-9.290490649829239507e-05,1.209462107420911049e-03,3.301395448303168223e-01,9.932798770217914353e-01,-1.054971906709980568e-05,1.699873796827205095e-05
1.040668160055768823e+02,3.122001812835121086e+02,-1.034546255653922008e-04,1.226460845389183100e-03,3.310402025323071484e-01,9.931097900367262810e-01,-1.084338182313885246e-05,1.732456489337902070e-05
1.043978562081091894e+02,3.131932910735488349e+02,-1.142980073885310532e-04,1.243785410282562121e-03,3.310599474304609657e-01,9.931652795445984339e-01,-1.116873471406280816e-05,1.768460434412011915e-05
1.047289161555396504e+02,3.141864563530934333e+02,-1.254667421025938614e-04,1.261470014626682240e-03,3.310622999495365093e-01,9.931970348161485163e-01,-1.151130704658950756e-05,1.806294828265845621e-05
1.050599784554891869e+02,3.151796533879095819e+02,-1.369780491491833689e-04,1.279532962909340696e-03,3.310699850026992408e-01,9.932055949722098376e-01,-1.187240399970555371e-05,1.846108315278543674e-05
1.053910484404918861e+02,3.161728589828817917e+02,-1.488504531488889226e-04,1.297994046062126133e-03,3.310828160758063632e-01,9.932221229383344507e-01,-1.225355211714531669e-05,1.888068120706361264e-05
1.057221312565676925e+02,3.171660811058201261e+02,-1.611040052660342393e-04,1.316874727269189745e-03,3.310929587007933605e-01,9.932472342403002585e-01,-1.265644111817605319e-05,1.932341445498998549e-05
1.060532242152684859e+02,3.181593283400604264e+02,-1.737604463842102925e-04,1.336198141724179731e-03,3.311001854210076090e-01,9.932816711004761601e-01,-1.308293556600480202e-05,1.979132667313072622e-05
1.063843244006894935e+02,3.191526100111609026e+02,-1.868433819502150945e-04,1.355989468397310457e-03,3.311042395431513796e-01,9.933261856768922371e-01,-1.353514476131281209e-05,2.028646132443720322e-05
1.067154286402326449e+02,3.201459361968377948e+02,-2.003785267115279066e-04,1.376275929721747660e-03,3.311200876671591686e-01,9.933205985719268938e-01,-1.401544606860976412e-05,2.081141955233289931e-05
1.070465487278998040e+02,3.211392567954097217e+02,-2.143939727801376708e-04,1.397087349274080560e-03,3.311245255290202749e-01,9.933881615325503844e-01,-1.452647331673555318e-05,2.136898808425559924e-05
1.073776732534288243e+02,3.221326449569422721e+02,-2.289204460968732239e-04,1.418456337358336159e-03,3.311400824147483490e-01,9.933771590654032480e-01,-1.507112849230364863e-05,2.196213917672650354e-05
1.077088133358435726e+02,3.231260221160076753e+02,-2.439915745891768726e-04,1.440418476535062662e-03,3.311434497903320562e-01,9.934417362582053102e-01,-1.565293113224967858e-05,2.259458853153808663e-05
1.080399567856339047e+02,3.241194638522658806e+02,-2.596445057214265511e-04,1.463013065066600749e-03,3.311570635444098798e-01,9.934304440045025331e-01,-1.627554098493745952e-05,2.327005120151800013e-05
1.083711138491783146e+02,3.251128942962703832e+02,-2.759200467063640107e-04,1.486283116268118749e-03,3.311727542183859896e-01,9.934978333240565007e-01,-1.694343347798506422e-05,2.399335743703628031e-05
1.087022866033967006e+02,3.261063921295944397e+02,-2.928634801843490749e-04,1.510276473705155029e-03,3.311746700709505831e-01,9.935233866346493414e-01,-1.766152721118511475e-05,2.476924360166900783e-05
1.090334612734676512e+02,3.270999155162290890e+02,-3.105250073955341896e-04,1.535045717306824037e-03,3.311926245143581582e-01,9.935399684050025826e-01,-1.843555672605801761e-05,2.560411886089902257e-05
1.093646538979820093e+02,3.280934554846340916e+02,-3.289605641215922072e-04,1.560649836167723060e-03,3.312105659368427268e-01,9.935805386914466908e-01,-1.927209597061944630e-05,2.650457707834247105e-05
1.096958644639188520e+02,3.290870360233255383e+02,-3.482326600922116535e-04,1.587154413246065531e-03,3.312123124321715295e-01,9.936478634406284982e-01,-2.017881471182635892e-05,2.747823350314894213e-05
1.100270767763510236e+02,3.300806838867661668e+02,-3.684114748040380125e-04,1.614632646749214473e-03,3.312349218565344700e-01,9.936537489347756491e-01,-2.116459526029586431e-05,2.853484021174738060e-05
1.103583116982075580e+02,3.310743376357009424e+02,-3.895760700643338768e-04,1.643167486960961854e-03,3.312466314636850484e-01,9.936936315377238316e-01,-2.223981230441585827e-05,2.968470495250986885e-05
1.106895583296712431e+02,3.320680312672386663e+02,-4.118158823687497350e-04,1.672852191913471722e-03,3.312612135576813444e-01,9.937414428708279956e-01,-2.341670601155722113e-05,3.094027136445035887e-05
1.110208195432289244e+02,3.330617727101094943e+02,-4.352325883803069562e-04,1.703792463277922081e-03,3.312769090227618562e-01,9.937722233963199869e-01,-2.470982514459239355e-05,3.231714096400611566e-05
1.113520964522516863e+02,3.340555449335058142e+02,-4.599424135248993497e-04,1.736109604241928197e-03,3.312916317786118725e-01,9.938225990269984322e-01,-2.613642376124870187e-05,3.383202685756881919e-05
1.116833880840302982e+02,3.350493675325328127e+02,-4.860788372861480516e-04,1.769941631099497016e-03,3.313181462448682169e-01,9.938698184822669646e-01,-2.771706777071435276e-05,3.550665751144701718e-05
1.120147062302751664e+02,3.360432373510150796e+02,-5.137959050568624043e-04,1.805448288610944033e-03,3.313305553258061309e-01,9.939229901077055729e-01,-2.947675428623054879e-05,3.736628765951084327e-05
1.123460367856009725e+02,3.370371603411227852e+02,-5.432726593430929531e-04,1.842814576270454877e-03,3.313633285294343978e-01,9.939626479670096160e-01,-3.144575189384173856e-05,3.944174168320582242e-05
1.126774001141304069e+02,3.380311229890897948e+02,-5.747184112369346917e-04,1.882256317953660699e-03,3.313814952104507938e-01,9.940328818727266480e-01,-3.366104717464726056e-05,4.177052655513521610e-05
1.130087816093408577e+02,3.390251558709625215e+02,-6.083794584115819522e-04,1.924026844508795915e-03,3.314024137239357515e-01,9.940891955897654952e-01,-3.616830460464277516e-05,4.439887343500245609e-05
1.133401840230647935e+02,3.400192450665522870e+02,-6.445477630162247274e-04,1.968425717943798371e-03,3.314421393744737543e-01,9.941521221362563665e-01,-3.902392083421357682e-05,4.738377791323883370e-05
1.136716261624392672e+02,3.410133971886885433e+02,-6.835716838504383042e-04,2.015809495857037205e-03,3.314768561144632031e-01,9.942168260513426503e-01,-4.229875812695191653e-05,5.079671144628608581e-05
1.140031030185537304e+02,3.420076140147398860e+02,-7.258704419773902208e-04,2.066606207303323291e-03,3.315187168406339424e-01,9.942847096978084664e-01,-4.608141435676440297e-05,5.472640059189229009e-05
1.143346217353943644e+02,3.430018987244376945e+02,-7.719518563341546237e-04,2.121332607895215581e-03,3.315693766685399169e-01,9.943656743963060762e-01,-5.048415271818027829e-05,5.928513421888780693e-05
1.146661911120629043e+02,3.439962643988340005e+02,-8.224360090523349020e-04,2.180617742114103388e-03,3.316345390074104671e-01,9.944493228023816300e-01,-5.564855719754693841e-05,6.461357795096902418e-05
1.149978256510703147e+02,3.449907137216363822e+02,-8.780845662498818404e-04,2.245231320065072412e-03,3.316924997194803382e-01,9.945692857606900361e-01,-6.175333934733322292e-05,7.088948380631811957e-05
1.153295181507897951e+02,3.459852830073970722e+02,-9.398379055972150634e-04,2.316120803871390531e-03,3.317847171583849786e-01,9.946518867794225116e-01,-6.902141025117683633e-05,7.833174233715491444e-05
1.156613028679481801e+02,3.469799348941764947e+02,-1.008859315848391900e-03,2.394452546208545446e-03,3.318704187119010385e-01,9.947932354603494787e-01,-7.772389070916530668e-05,8.720497845465498624e-05
1.159931732866600811e+02,3.479747281296368442e+02,-1.086583206557557206e-03,2.481657524663200432e-03,3.319568525650140600e-01,9.948895156372827842e-01,-8.817341755971075043e-05,9.781130896583485265e-05
1.163251301392250951e+02,3.489696176452741270e+02,-1.174756624117267957e-03,2.579468833629035285e-03,3.320342555895479109e-01,9.949921387044469157e-01,-1.006927103774457686e-04,1.104557053281138117e-04
1.166571643948146431e+02,3.499646097839785739e+02,-1.275449334494713725e-03,2.689924538957149096e-03,3.320319505775017888e-01,9.950650016589293045e-01,-1.155338062377568066e-04,1.253643668711001101e-04
1.169891963453921448e+02,3.509596747856375032e+02,-1.390983140732470532e-03,2.815288905828249207e-03,3.318976414191183721e-01,9.950209251264254817e-01,-1.327233722163258592e-04,1.425284957802036220e-04
1.173210939868112632e+02,3.519546957107639287e+02,-1.523706512948796391e-03,2.957817401608452829e-03,3.315935521837616307e-01,9.947981177814995135e-01,-1.518409618506313518e-04,1.614905096968908410e-04
1.176526875389950249e+02,3.529494938285454282e+02,-1.675547474799427743e-03,3.119307911305343670e-03,3.311638121785733802e-01,9.943918622273599794e-01,-1.718438536446463723e-04,1.811801833152141064e-04
1.179838513511735982e+02,3.539438856907727882e+02,-1.847391328444074115e-03,3.300488094620557776e-03,3.308002001232352995e-01,9.939549493822710247e-01,-1.911660966497552485e-04,2.000339139986650160e-04
1.183146515512968335e+02,3.549378406401550592e+02,-2.038557425093829364e-03,3.500522008619222792e-03,3.306626902341633922e-01,9.936056850257841688e-01,-2.082123553103941080e-04,2.164956070480543275e-04
1.186453142415309969e+02,3.559314463251808434e+02,-2.246769780404223472e-03,3.717017615667277119e-03,3.307384239803354831e-01,9.934577201327101648e-01,-2.219673938517931905e-04,2.296166997855951172e-04
1.189760526655113324e+02,3.569249040453135535e+02,-2.468737174256016662e-03,3.946634315452872237e-03,3.308869472698887648e-01,9.933335254303301554e-01,-2.322451742901624448e-04,2.392749932408014951e-04
1.193069396127812212e+02,3.579182375707438837e+02,-2.700982348546179107e-03,4.185909308693673732e-03,3.309922255008643788e-01,9.932719141817756281e-01,-2.394854222948303996e-04,2.459548429141920553e-04
1.196379318382820856e+02,3.589115094849256593e+02,-2.940467770841009507e-03,4.431864151607865787e-03,3.310362166623264102e-01,9.931211610253285471e-01,-2.443826043948289090e-04,2.503727616155523167e-04
1.199689680549444120e+02,3.599046306459509879e+02,-3.184850375235838416e-03,4.682236913223418104e-03,3.310243109709318787e-01,9.930265522272065937e-01,-2.476154223232211737e-04,2.532104123763589953e-04
1.202999923659153438e+02,3.608976571981781944e+02,-3.432465797559059589e-03,4.935447325599777099e-03,3.310077467778995697e-01,9.928990699359587779e-01,-2.497242431781115414e-04,2.550015406491768291e-04
1.206310001126932434e+02,3.618905562681141532e+02,-3.682190040737171131e-03,5.190448866248953928e-03,3.309792028784102058e-01,9.928096241447974535e-01,-2.510967322123286612e-04,2.561221498702413377e-04
1.209619793155716536e+02,3.628833658922589507e+02,-3.933286772949499792e-03,5.446571016119195266e-03,3.309535310565081545e-01,9.927238938219602460e-01,-2.519947693536070399e-04,2.568225771066232066e-04
1.212929328466281618e+02,3.638760897860809109e+02,-4.185281542303106832e-03,5.703393593225818473e-03,3.309336091322592210e-01,9.926673361907774051e-01,-2.525873855012605515e-04,2.572613758379362417e-04
1.216238664557604210e+02,3.648687571222716883e+02,-4.437868927804367383e-03,5.960654969063754714e-03,3.309140590627492884e-01,9.925831901973083404e-01,-2.529843116988953616e-04,2.575380330001753731e-04
1.219547805148231703e+02,3.658613403124689967e+02,-4.690853239503262745e-03,6.218193002063930087e-03,3.308944764145280715e-01,9.925243468282474169e-01,-2.532531122868952184e-04,2.577148959731646177e-04
1.222856749912376984e+02,3.668538646592972441e+02,-4.944106351790157963e-03,6.475907898037094705e-03,3.308847193949731036e-01,9.925036639769473368e-01,-2.534385940452269989e-04,2.578279601716873537e-04
1.226165597106326715e+02,3.678463683232741914e+02,-5.197544945835384962e-03,6.733735858208782059e-03,3.308663173480255182e-01,9.924381569927049895e-01,-2.535683903697504363e-04,2.579028166657029025e-04
1.229474260279806970e+02,3.688388064802668964e+02,-5.451113336205135398e-03,6.991638674874484961e-03,3.308598551272297073e-01,9.924243698641248557e-01,-2.536608031285039755e-04,2.579517094499815880e-04
1.232782858831079267e+02,3.698312308501310213e+02,-5.704774139333639374e-03,7.249590384324466549e-03,3.308487715706434074e-01,9.923738530297327998e-01,-2.537274117897355893e-04,2.579850180619786340e-04
1.236091346546785701e+02,3.708236047031607541e+02,-5.958501551123374963e-03,7.507575402386445183e-03,3.308320867396048470e-01,9.923499437360874253e-01,-2.537764368579055810e-04,2.580079336157456785e-04
1.239399667414181749e+02,3.718159546468968415e+02,-6.212277987981280544e-03,7.765583336002190862e-03,3.308320605102608170e-01,9.923232446537326723e-01,-2.538119848714331592e-04,2.580241623351756108e-04
1.242707988019284358e+02,3.728082778915505742e+02,-6.466089972852713703e-03,8.023607498337366473e-03,3.308177746215648085e-01,9.922942823521339051e-01,-2.538389176668506483e-04,2.580351889328071080e-04
1.246016165765500006e+02,3.738005721739027081e+02,-6.719928890519564352e-03,8.281642687270173581e-03,3.308117508019705610e-01,9.922949165585350784e-01,-2.538591021685595792e-04,2.580439736569149767e-04
1.249324283273519711e+02,3.747928670904612432e+02,-6.973787992688123931e-03,8.539686660927088557e-03,3.308062283720119012e-01,9.922322632224336303e-01,-2.538740324441656968e-04,2.580490417468921799e-04
1.252632345557239830e+02,3.757850993536836768e+02,-7.227662025132289628e-03,8.797735702673980737e-03,3.308010256918265668e-01,9.922308017686987114e-01,-2.538852044606416947e-04,2.580540887387218485e-04
1.255940355814158096e+02,3.767773301554523755e+02,-7.481547229592931322e-03,9.055789791412702586e-03,3.307882924893306154e-01,9.922281626534186216e-01,-2.538948669309525411e-04,2.580569001943682633e-04
1.259248238739051402e+02,3.777695583181057941e+02,-7.735442096523883863e-03,9.313846691607070849e-03,3.307833669587267877e-01,9.921635499970875571e-01,-2.539015162531079242e-04,2.580596922960812917e-04
1.262556072408638670e+02,3.787617218681028817e+02,-7.989343612776991788e-03,9.571906383903152141e-03,3.307709213666356618e-01,9.921598935414976950e-01,-2.539066518174558362e-04,2.580617272880461610e-04
1.265863781622305027e+02,3.797538817616443794e+02,-8.243250264594447624e-03,9.829968111191198302e-03,3.307660950017208279e-01,9.921244995435927194e-01,-2.539102720881848685e-04,2.580622683667037343e-04
1.269171442572322235e+02,3.807460062611879721e+02,-8.497160536682632492e-03,1.008803037955790204e-02,3.307611269295591683e-01,9.921201128444181450e-01,-2.539138787415826798e-04,2.580642666261765555e-04
1.272479053841617826e+02,3.817381263740323902e+02,-8.751074415424215172e-03,1.034609464618407859e-02,3.307562107374053539e-01,9.921148115898859032e-01,-2.539159681716179201e-04,2.580647717612093162e-04
1.275786615948991880e+02,3.827302411856222761e+02,-9.004990383595833092e-03,1.060415941794528791e-02,3.307511546755534937e-01,9.920474524749351986e-01,-2.539180428168374276e-04,2.580652593257414668e-04
1.279094127495747415e+02,3.837222886380972113e+02,-9.258908426412670520e-03,1.086222467727102937e-02,3.307308451300770002e-01,9.920414002070288007e-01,-2.539201026655838606e-04,2.580657293326116958e-04
1.282401435947048185e+02,3.847143300383042401e+02,-9.512828529078254380e-03,1.112029040660364107e-02,3.307257125146918497e-01,9.920352690216986957e-01,-2.539206429651632430e-04,2.580669184247246645e-04
1.285708693072195103e+02,3.857063653073259388e+02,-9.766749172043417623e-03,1.137835732502836573e-02,3.307355477860767223e-01,9.919973439679097282e-01,-2.539211672985298984e-04,2.580666165392479783e-04
1.289016048550055871e+02,3.866983626512938486e+02,-1.002067033934194752e-02,1.163642394156761371e-02,3.307149311469288477e-01,9.919899141632413375e-01,-2.539224284060660058e-04,2.580662977072333691e-04
1.292323197861525159e+02,3.876903525654570899e+02,-1.027459276774801353e-02,1.189449023927484708e-02,3.307094825959495665e-01,9.919517994825355345e-01,-2.539221682087249021e-04,2.580674340589769744e-04
1.295630292687484655e+02,3.886823043649396254e+02,-1.052851493595673843e-02,1.215255767333382406e-02,3.307036992374037254e-01,9.919127363621100812e-01,-2.539233977049051155e-04,2.580670806134870848e-04
1.298937329679858692e+02,3.896742171013017355e+02,-1.078243833366164355e-02,1.241062475394731114e-02,3.306827858794747499e-01,9.919353799578516373e-01,-2.539238584332668275e-04,2.580674459403495963e-04
1.302244157538653440e+02,3.906661524812595871e+02,-1.103636219209491037e-02,1.266869219988766074e-02,3.306920187932007593e-01,9.918643820095667252e-01,-2.539235496165654499e-04,2.580663228260917513e-04
1.305551077726585447e+02,3.916580168632691539e+02,-1.129028574171147582e-02,1.292675852271375249e-02,3.306708380612235487e-01,9.918556678867957999e-01,-2.539239778949764492e-04,2.580673892984362144e-04
1.308857786107197683e+02,3.926498725311559497e+02,-1.154420971960645227e-02,1.318482591201218870e-02,3.306797887592551888e-01,9.918465951853931983e-01,-2.539236362206903630e-04,2.580684377648957001e-04
1.312164583994790235e+02,3.936417191263413429e+02,-1.179813335582714263e-02,1.344289434977708440e-02,3.306582403465085918e-01,9.918050837301848333e-01,-2.539247860913786126e-04,2.580665285609514553e-04
1.315471166398255320e+02,3.946335242100715277e+02,-1.205205814191852125e-02,1.370096087833803586e-02,3.306518373099152086e-01,9.917952733615607031e-01,-2.539244118926996252e-04,2.580675425743212542e-04
1.318777684771354473e+02,3.956253194834330884e+02,-1.230598255381122087e-02,1.395902842091235711e-02,3.306452974338185413e-01,9.917541527904631948e-01,-2.539240210302981526e-04,2.580685386228097344e-04
1.322084137745692658e+02,3.966170736362235516e+02,-1.255990657484151903e-02,1.421709695953516685e-02,3.306384181027226532e-01,9.917424578310374272e-01,-2.539251228245286568e-04,2.580665793160304144e-04
1.325390521926719885e+02,3.976088160940545890e+02,-1.281383169766604768e-02,1.447516353885119726e-02,3.306318066607332185e-01,9.917315507098010130e-01,-2.539231896466678101e-04,2.580675409913271018e-04
1.328696839993327217e+02,3.986005476447643900e+02,-1.306775488731271549e-02,1.473323107984252436e-02,3.306244487031335666e-01,9.916893095856949003e-01,-2.539257689165765747e-04,2.580684847418111133e-04
1.332003084480358552e+02,3.995922369543500849e+02,-1.332168065622929207e-02,1.499129956458433548e-02,3.306025121244999809e-01,9.916461067953150632e-01,-2.539238023233116037e-04,2.580679430162994420e-04
1.335309109601603552e+02,4.005838830611454000e+02,-1.357560445855260367e-02,1.524936750760063492e-02,3.306101376622905264e-01,9.916335087502829992e-01,-2.539248395866267743e-04,2.580673845295981123e-04
1.338615210978226457e+02,4.015755165698956830e+02,-1.382952929813923044e-02,1.550743489213023303e-02,3.305877309708193934e-01,9.916205481980000513e-01,-2.539243500109325535e-04,2.580668092947904085e-04
1.341921088287934651e+02,4.025671371180936831e+02,-1.408345364815016300e-02,1.576550170142502344e-02,3.305950729774167485e-01,9.915768009651060311e-01,-2.539253553179906392e-04,2.580676837542865421e-04
1.345227039017708819e+02,4.035587139190587891e+02,-1.433737900346815364e-02,1.602356938517930998e-02,3.305726064471343761e-01,9.915636853456817335e-01,-2.539233209756242005e-04,2.580685403568774849e-04
1.348532765082180163e+02,4.045502776044044708e+02,-1.459130232444377784e-02,1.628163792553618747e-02,3.305794587164996301e-01,9.915490410114671249e-01,-2.539258059114091193e-04,2.580664477702457327e-04
1.351838559669345159e+02,4.055418266454159379e+02,-1.484522813035518696e-02,1.653970437330643320e-02,3.305567267582034674e-01,9.915047579115139342e-01,-2.539237380027609819e-04,2.580687355067494415e-04
1.355144126936927194e+02,4.065333314033274519e+02,-1.509915186835794794e-02,1.679777310881318264e-02,3.305484787140926528e-01,9.914893723311593021e-01,-2.539246784808695673e-04,2.580666095428792162e-04
1.358449611724068120e+02,4.075248207756586112e+02,-1.535307654683881751e-02,1.705583971835606186e-02,3.305400923043180228e-01,9.914437507956677109e-01,-2.539256032968416343e-04,2.580673971208577444e-04
1.361755012647111300e+02,4.085162645264542789e+02,-1.560700215013565914e-02,1.731390711547691960e-02,3.305470043083289511e-01,9.914287999673661034e-01,-2.539234845604053381e-04,2.580681669092227404e-04
1.365060482690194590e+02,4.095076933264216450e+02,-1.586092563469606448e-02,1.757197528238614234e-02,3.305231124501801787e-01,9.914128992262476459e-01,-2.539258908017504035e-04,2.580674551384901094e-04
1.368365713814696392e+02,4.104991062256478926e+02,-1.611485152549781488e-02,1.783004273752463245e-02,3.305147347731747232e-01,9.913661573953049810e-01,-2.539237383732302622e-04,2.580681901432207992e-04
1.371670861162428139e+02,4.114904723830431976e+02,-1.636877526387104514e-02,1.808811092766785325e-02,3.305057988466444385e-01,9.913495171259114613e-01,-2.539245981117085882e-04,2.580674443713078248e-04
1.374975919150894583e+02,4.124818219001691091e+02,-1.662269986198275373e-02,1.834617837203916108e-02,3.304967246797900771e-01,9.913331074871507553e-01,-2.539254421265284278e-04,2.580681446460418582e-04
1.378280886397692484e+02,4.134731550076562598e+02,-1.687662530410928216e-02,1.860424651668520293e-02,3.304877253763720546e-01,9.912846500152454610e-01,-2.539247545431250197e-04,2.580673649259478120e-04
1.381585763651456205e+02,4.144644396576715053e+02,-1.713055005865240718e-02,1.886231388161115075e-02,3.304785897385329463e-01,9.912675027655382110e-01,-2.539240500571068870e-04,2.580680305242812056e-04
1.384890549548841534e+02,4.154557071604370435e+02,-1.738447410870951407e-02,1.912038191213543195e-02,3.304691034754512202e-01,9.912182895846513020e-01,-2.539248452880817075e-04,2.580672169089567869e-04
1.388195240583596046e+02,4.164469254500216948e+02,-1.763839895399759577e-02,1.937844912904438874e-02,3.304596940114095105e-01,9.912315213421152293e-01,-2.539241077286966131e-04,2.580678478837708512e-04
1.391499837523710141e+02,4.174381569713638100e+02,-1.789232306172629239e-02,1.963651697692815959e-02,3.304499327349503801e-01,9.911815679906794685e-01,-2.539248706316075965e-04,2.580670004261181871e-04
1.394804336851059645e+02,4.184293385393544895e+02,-1.814624793235789998e-02,1.989458397735427778e-02,3.304402495503779846e-01,9.911318280264822533e-01,-2.539240999486873374e-04,2.580675968310991442e-04
1.398108739346563425e+02,4.194204703673809718e+02,-1.840017203230658732e-02,2.015265157418537692e-02,3.304302133641385808e-01,9.911439852452872401e-01,-2.539248304736334283e-04,2.580681755939423505e-04
1.401413041480204811e+02,4.204116143526262590e+02,-1.865409686278022075e-02,2.041071974977931927e-02,3.304200391394829239e-01,9.910929065994196208e-01,-2.539255451766420091e-04,2.580672770951530914e-04
1.404717241871599640e+02,4.214027072592256786e+02,-1.890802240795686276e-02,2.066878702687447236e-02,3.304249113509740710e-01,9.910420445146996826e-01,-2.539247251003018402e-04,2.580678213680298594e-04
1.408021490985109381e+02,4.223937493037403783e+02,-1.916194713305716460e-02,2.092685484824250222e-02,3.303997107682050682e-01,9.910525218454040441e-01,-2.539238880203825710e-04,2.580668891594244119e-04
1.411325488092791431e+02,4.233848018255857824e+02,-1.941587102107754717e-02,2.118492173740192663e-02,3.303891250742765351e-01,9.910015271298107109e-01,-2.539245536405665415e-04,2.580688574990892825e-04
1.414629379343534197e+02,4.243758033527155931e+02,-1.966979557471811371e-02,2.144299059490101592e-02,3.303784014442499029e-01,9.909795103541796379e-01,-2.539252033891825633e-04,2.580664327529666457e-04
1.417933163357976696e+02,4.253667828630697727e+02,-1.992372077810729628e-02,2.170105702765398256e-02,3.303677604505139698e-01,9.909277632898465527e-01,-2.539243167655469424e-04,2.580683659563626220e-04
1.421236840962481836e+02,4.263577106263596193e+02,-2.017764509487284322e-02,2.195912539361034518e-02,3.303855187504325386e-01,9.909994865440125977e-01,-2.493075690814805512e-04,2.534416468571824843e-04
1.424540696149986161e+02,4.273487101129036319e+02,-2.042695266395432377e-02,2.221256704046752767e-02,3.303650150021155696e-01,9.909475255669804028e-01,-2.464261302957786171e-04,2.505566502895781311e-04
1.427844346300007317e+02,4.283396576384706123e+02,-2.067337879425010239e-02,2.246312369075710580e-02,3.303604597129492504e-01,9.909130294328747368e-01,-2.464229631688186206e-04,2.505550667484118810e-04
1.431147950897136809e+02,4.293305706679034870e+02,-2.091980175741892101e-02,2.271367875750551768e-02,3.303557751511618790e-01,9.908787915883294772e-01,-2.464197787303556986e-04,2.505549249607087747e-04
1.434451508648648428e+02,4.303214494594918165e+02,-2.116622153614927671e-02,2.296423368246622645e-02,3.303355819529372184e-01,9.908754287448573450e-01,-2.464196217030235891e-04,2.505547675559528786e-04
1.437754864468177800e+02,4.313123248882366738e+02,-2.141264115785230029e-02,2.321478845002217933e-02,3.303306439571542796e-01,9.908405040720253965e-01,-2.464164041053665266e-04,2.505545945461276625e-04
1.441058170907749343e+02,4.323031653923086992e+02,-2.165905756195766682e-02,2.346534304456830700e-02,3.303253518585904658e-01,9.908046123470057864e-01,-2.464146922781171312e-04,2.505529507506425169e-04
1.444361424426335248e+02,4.332939700046557050e+02,-2.190547225423578395e-02,2.371589599531894951e-02,3.303197031817148854e-01,9.908008491516397953e-01,-2.464144877101781539e-04,2.505542021228636396e-04
1.447664621458152396e+02,4.342847708538073448e+02,-2.215188674194596211e-02,2.396645019744181315e-02,3.302992307756937862e-01,9.907330114822912037e-01,-2.464127441545449493e-04,2.505525279049361509e-04
1.450967613765909334e+02,4.352755038652896360e+02,-2.239829948610050706e-02,2.421700272534674930e-02,3.302935519306231527e-01,9.907279440558909300e-01,-2.464109843417806867e-04,2.505522933212329939e-04
1.454270549285215566e+02,4.362662318093455269e+02,-2.264471047044228774e-02,2.446755501866798230e-02,3.302872872750697297e-01,9.906918966532884951e-01,-2.464122575005986415e-04,2.505534969253694899e-04
1.457573422157966263e+02,4.372569237059988154e+02,-2.289112272794288638e-02,2.471810851559335179e-02,3.302664383055571307e-01,9.906855378940804258e-01,-2.464104666419532352e-04,2.505517771608754829e-04
1.460876086541021834e+02,4.382476092438928958e+02,-2.313753319458483962e-02,2.496866029275422727e-02,3.302601430086440359e-01,9.906175179808087705e-01,-2.464101848633874770e-04,2.505529489791949449e-04
1.464178687971108275e+02,4.392382267618737046e+02,-2.338394337944822710e-02,2.521921324173342221e-02,3.302537149532440708e-01,9.906104694317718895e-01,-2.464098879092629923e-04,2.505511989086550706e-04
1.467481225120640715e+02,4.402288372313054765e+02,-2.363035326735749009e-02,2.546976444064207729e-02,3.302469242138954542e-01,9.905730359340054747e-01,-2.464111018922188201e-04,2.505523389877452323e-04
1.470783694362779670e+02,4.412194102672394820e+02,-2.387676436924970891e-02,2.572031677962982252e-02,3.302255693361928479e-01,9.905653127021309956e-01,-2.464092488064749398e-04,2.505505586576362020e-04
1.474085950056141598e+02,4.422099755799416130e+02,-2.412317361805618385e-02,2.597086733828745872e-02,3.302187506735663192e-01,9.904958757178405904e-01,-2.464089062592239587e-04,2.505516670451152228e-04
1.477388137562877262e+02,4.432004714556594536e+02,-2.436958252431540781e-02,2.622141900533257394e-02,3.302115675062395894e-01,9.904887182868264972e-01,-2.464100757437401312e-04,2.505527588763760416e-04
1.480690253237939658e+02,4.441909601739462801e+02,-2.461599260005914794e-02,2.647197176420894998e-02,3.302044822847562955e-01,9.904486441313338219e-01,-2.464097034978809941e-04,2.505509325173294055e-04
1.483992298060787220e+02,4.451814088180776139e+02,-2.486240230355702893e-02,2.672252269672627939e-02,3.301823887937587187e-01,9.904094752695300485e-01,-2.464093160095444379e-04,2.505519927282068293e-04
1.487294121948724808e+02,4.461718182933471439e+02,-2.510881161956657337e-02,2.697307468945448622e-02,3.301752796427308567e-01,9.904013062439958048e-01,-2.464073848865641625e-04,2.505530364198781113e-04
1.490595874745152116e+02,4.471622195995911397e+02,-2.535521900445313753e-02,2.722362772587436433e-02,3.301675710729909952e-01,9.903601908802102116e-01,-2.464084948850080170e-04,2.505511641369209674e-04
1.493897550455882026e+02,4.481525797904713500e+02,-2.560162749933814555e-02,2.747417889001128530e-02,3.301446286680516096e-01,9.903199871891956718e-01,-2.464111198722598872e-04,2.505521762789057749e-04
1.497198996742562542e+02,4.491428997776605456e+02,-2.584803861921040544e-02,2.772473106629019107e-02,3.301522250666835134e-01,9.903095371261088076e-01,-2.464076137870321870e-04,2.505502739229177600e-04
1.500500518993229377e+02,4.501332093147866544e+02,-2.609444623299743762e-02,2.797528134021310883e-02,1.800761295964150577e-01,5.401388047600903519e-01,-1.344041607143665884e-04,1.366639367351568657e-04
