Sigma_1,Sigma_2,Epsilon_1,Epsilon_2,dSigma_1,dSigma_2,dEpsilon_1,dEpsilon_2
-0.000000000000000000e+00,-0.000000000000000000e+00,0.000000000000000000e+00,0.000000000000000000e+00,4.950030451490482486e-01,9.900027591583944186e-01,4.827495304003900859e-07,3.499878644970908738e-06
4.950030451490482486e-01,9.900027591583944186e-01,4.827495304003900859e-07,3.499878644970908738e-06,4.950048343640471860e-01,9.900130268242528508e-01,4.827362005091060558e-07,3.499892589171722222e-06
9.900078795130954346e-01,1.980015785982647269e+00,9.654857309094961417e-07,6.999771234142630959e-06,4.950099018510064619e-01,9.900197181898282572e-01,4.827428341944421341e-07,3.499886160582616288e-06
1.485017781364101896e+00,2.970035504172475527e+00,1.448228565103938276e-06,1.049965739472524725e-05,4.950137176414506346e-01,9.900276016664428802e-01,4.827428740462030431e-07,3.499885552835965873e-06
1.980031499005552531e+00,3.960063105838918407e+00,1.930971439150141319e-06,1.399954294756121312e-05,4.950177718559418683e-01,9.900352467321149597e-01,4.827429136757499406e-07,3.499885672680262170e-06
2.475049270861494399e+00,4.950098352571033367e+00,2.413714352825891260e-06,1.749942862024147529e-05,4.950215876561325778e-01,9.900436070720877169e-01,4.827428627111903553e-07,3.499885064633502052e-06
2.970070858517626977e+00,5.940141959643121083e+00,2.896457215537081615e-06,2.099931368487497734e-05,4.950256418804652725e-01,9.900510137376787867e-01,4.827428115245480485e-07,3.499885912016978645e-06
3.465096500398092250e+00,6.930192973380799870e+00,3.379200027061629663e-06,2.449919959689195599e-05,4.950296961099005522e-01,9.900593741002854387e-01,4.827427603378680488e-07,3.499885303887058526e-06
3.960126196507992802e+00,7.920252347481085309e+00,3.861942787399497712e-06,2.799908490077901451e-05,4.950332735060225531e-01,9.900672576498603661e-01,4.827428912269339953e-07,3.499887606411691344e-06
4.455159470014015355e+00,8.910319605130945675e+00,4.344685678626431707e-06,3.149897250719070586e-05,4.950378045857446452e-01,9.900751411586572459e-01,4.827430218936542167e-07,3.499884087951645459e-06
4.950197274599760000e+00,9.900394746289602921e+00,4.827428700520085924e-06,3.499885659514235132e-05,4.950411435703259144e-01,9.900820710193780627e-01,4.827427888529412623e-07,3.499886390160890641e-06
5.445238418170085914e+00,1.089047681730898098e+01,5.310171489373027186e-06,3.849874298530324196e-05,4.950454362407041842e-01,9.900909082810986916e-01,4.827429195194107619e-07,3.499885782086691738e-06
5.940283854410790099e+00,1.188056772559007968e+01,5.792914408892437948e-06,4.199862876738993370e-05,4.950492520766536231e-01,9.900987918433301616e-01,4.827430504076190876e-07,3.499885173976009431e-06
6.435333106487443722e+00,1.287066651743340984e+01,6.275657459300057036e-06,4.549851394136594313e-05,4.950530679151086133e-01,9.901066754137719528e-01,4.827428173668798752e-07,3.499884565828830169e-06
6.930386174402552335e+00,1.386077319284718179e+01,6.758400276666936911e-06,4.899839850719477330e-05,4.950573605986630099e-01,9.901136053544661308e-01,4.827425843263642794e-07,3.499889778016878955e-06
7.425443535001215345e+00,1.485088679820164792e+01,7.241142860993301191e-06,5.249828828521165225e-05,4.950611764523138447e-01,9.901224425816899100e-01,4.827430786985822063e-07,3.499883349182627711e-06
7.920504711453529190e+00,1.584100924078333783e+01,7.723885939691883397e-06,5.599817163439427996e-05,4.950649923054166734e-01,9.901293724456916578e-01,4.827428458798554116e-07,3.499882740925998239e-06
8.415569703758945863e+00,1.683113861322902949e+01,8.206628785571738809e-06,5.949805437532027820e-05,4.950692850043019178e-01,9.901382098803956922e-01,4.827426126172714940e-07,3.499887952943488471e-06
8.910638988763247781e+00,1.782127682310942518e+01,8.689371398189010303e-06,6.299794232826376667e-05,4.950726240321525751e-01,9.901470472411197932e-01,4.827431074324927345e-07,3.499887344573146520e-06
9.405711612795400356e+00,1.881142387035054497e+01,9.172114505621503037e-06,6.649782967283691319e-05,4.950769167411941396e-01,9.901539771379219701e-01,4.827428741696547070e-07,3.499886736166334718e-06
9.900788529536594496e+00,1.980157784748846694e+01,9.654857379791157744e-06,6.999771640900324791e-05,4.950812094554226661e-01,9.901609070329193685e-01,4.827426413511278120e-07,3.499886127501008462e-06
1.039586973899201716e+01,2.079173875452138631e+01,1.013760002114228556e-05,7.349760253650425637e-05,4.950845484983013023e-01,9.901697444216033261e-01,4.827431357211807227e-07,3.499885519243247354e-06
1.089095428749031846e+01,2.178190849894298964e+01,1.062034315686346628e-05,7.699748805574750372e-05,4.950888412226799318e-01,9.901766743263280546e-01,4.827429026803601951e-07,3.499884910504954291e-06
1.138604312871299840e+01,2.277208517326931769e+01,1.110308605954382647e-05,8.049737296625245802e-05,4.950921802668766247e-01,9.901855117380939930e-01,4.827426696397615902e-07,3.499884301952222430e-06
1.188113530897987502e+01,2.376227068500741169e+01,1.158582872918358806e-05,8.399725726820468045e-05,4.950964730006894854e-01,9.901943491680817999e-01,4.827424365993899900e-07,3.499883693362993613e-06
1.237623178198056451e+01,2.475246503417549349e+01,1.206857116578297805e-05,8.749714096156767406e-05,4.951007657584174382e-01,9.902012792439016664e-01,4.827436588213172668e-07,3.499888904884922137e-06
1.287133254773898194e+01,2.574266631341939515e+01,1.255131482460429532e-05,9.099702986645259620e-05,4.951050584845795299e-01,9.902082090240433843e-01,4.827419705186162966e-07,3.499882475832698822e-06
1.336643760622356147e+01,2.673287452244343854e+01,1.303405679512291162e-05,9.449691234228529502e-05,4.951083975668968407e-01,9.902170464819803897e-01,4.827431927395898142e-07,3.499881867134046901e-06
1.386154600379045831e+01,2.772309156892541893e+01,1.351679998786250143e-05,9.799679420941934192e-05,4.951117366342767667e-01,9.902239765830174179e-01,4.827429596987116884e-07,3.499887078707447923e-06
1.435665774042473508e+01,2.871331554550843634e+01,1.399954294756121312e-05,1.014966812881267898e-04,4.951169830817150341e-01,9.902328140755507491e-01,4.827427266580588733e-07,3.499886469673059246e-06
1.485177472350645012e+01,2.970354835958398709e+01,1.448228567421927199e-05,1.049965677577998491e-04,4.951203221585327441e-01,9.902416515863130542e-01,4.827424936176313690e-07,3.499885860824218219e-06
1.534689504566498286e+01,3.069379001117030015e+01,1.496502816783690336e-05,1.084964536186240673e-04,4.951236612622000877e-01,9.902466739907893611e-01,4.827437156132483828e-07,3.499885251938907342e-06
1.584201870692718295e+01,3.168403668516108951e+01,1.544777188345015175e-05,1.119963388705629746e-04,4.951289077033020902e-01,9.902574190802013732e-01,4.827420275367458671e-07,3.499884642795095561e-06
1.633714761463048504e+01,3.267429410424129088e+01,1.593051391098689761e-05,1.154962235133580702e-04,4.951312931278764040e-01,9.902643494484877351e-01,4.827432495314125101e-07,3.499895674250209639e-06
1.683227890775836144e+01,3.366455845368977862e+01,1.641325716051831012e-05,1.189961191876082798e-04,4.951355859126778114e-01,9.902712790428367384e-01,4.827430167125180028e-07,3.499883424801344999e-06
1.732741449367103925e+01,3.465482973273261535e+01,1.689600017723082813e-05,1.224960026124096248e-04,4.951398787026519699e-01,9.902820241935756940e-01,4.827427834497680667e-07,3.499882815770100509e-06
1.782255437237369122e+01,3.564511175692619105e+01,1.737874296068059619e-05,1.259958854281797254e-04,4.951441714978095376e-01,9.902851390000506626e-01,4.827425504092897404e-07,3.499882206702399721e-06
1.831769854387150076e+01,3.663539689592624171e+01,1.786148551108988593e-05,1.294957676348821251e-04,4.951484643255241735e-01,9.902958846117684288e-01,4.827437726226738429e-07,3.499893237404657362e-06
1.881284700819702493e+01,3.762569278053801014e+01,1.834422928371255978e-05,1.329956608722867824e-04,4.951508497198382486e-01,9.903028141795076067e-01,4.827420845503336470e-07,3.499880988194818644e-06
1.930799785791686318e+01,3.861599559471751775e+01,1.882697136826289342e-05,1.364955418604816011e-04,4.951570499429607253e-01,9.903135598640560033e-01,4.827433065407278558e-07,3.499892018964649186e-06
1.980315490785982391e+01,3.960630915458157375e+01,1.930971467480362128e-05,1.399954338794462503e-04,4.951594353738926202e-01,9.903204894318164975e-01,4.827430734997413097e-07,3.499879769763375665e-06
2.029831434323371653e+01,4.059662964401339025e+01,1.979245774830336259e-05,1.434953136492096259e-04,4.951637281945409086e-01,9.903274199311908887e-01,4.827428404589749922e-07,3.499890800378761607e-06
2.079347807142825744e+01,4.158695706394458114e+01,2.027520058876233758e-05,1.469952044495883875e-04,4.951680210203655008e-01,9.903343494722918194e-01,4.827426074184424558e-07,3.499878551186026178e-06
2.128864609244862294e+01,4.257729141341687296e+01,2.075794319618078004e-05,1.504950830007744137e-04,4.951704064622255430e-01,9.903412799910782383e-01,4.827423743781267599e-07,3.499889581424977126e-06
2.178381649891084848e+01,4.356763269340795119e+01,2.124068557055890680e-05,1.539949725821993908e-04,4.951766067190455090e-01,9.903520253221245184e-01,4.827435963647262610e-07,3.499888971984039740e-06
2.227899310562989399e+01,4.455798471873007571e+01,2.172342916692363306e-05,1.574948615541834306e-04,4.951789921377311998e-01,9.903589548499311945e-01,4.827419082974750391e-07,3.499876722804070792e-06
2.277417209776762519e+01,4.554834367358000691e+01,2.220617107522110810e-05,1.609947382769875014e-04,4.951832850162816158e-01,9.903658854245378507e-01,4.827431305051603039e-07,3.499887752811409051e-06
2.326935538278390680e+01,4.653870955900454476e+01,2.268891420572626840e-05,1.644946260297989104e-04,4.951875778676040341e-01,9.903766308169181798e-01,4.827428974643397763e-07,3.499887143483011850e-06
2.376454296065151084e+01,4.752908618982146294e+01,2.317165710319060818e-05,1.679945131732819223e-04,4.951899633303469273e-01,9.903797455445939590e-01,4.827426642017118130e-07,3.499886533674177562e-06
2.425973292398185777e+01,4.851946593536605690e+01,2.365439976739231999e-05,1.714943997069560998e-04,4.951961635848505239e-01,9.903904909600385054e-01,4.827424313833831237e-07,3.499885924050877371e-06
2.475492908756670829e+01,4.950985642632609540e+01,2.413714219877570311e-05,1.749942856310069772e-04,4.951985490561128245e-01,9.903974210355599439e-01,4.827421981211990057e-07,3.499885314391066671e-06
2.525012763662282111e+01,5.050025384736165535e+01,2.461988439689690212e-05,1.784941709453980439e-04,4.952028420012233312e-01,9.904081665007637980e-01,4.827448755689027926e-07,3.499884704472809279e-06
2.574533047862404445e+01,5.149066201386241914e+01,2.510262927246580491e-05,1.819940556498708532e-04,4.952071348031132914e-01,9.904150965993849809e-01,4.827417322622225835e-07,3.499884094962103483e-06
2.624053761342715774e+01,5.248107711046180412e+01,2.558537100472802749e-05,1.854939397448329566e-04,4.952114277614683147e-01,9.904220266961516472e-01,4.827444094855304021e-07,3.499883484970906389e-06
2.673574904118862605e+01,5.347149913715795577e+01,2.606811541421355790e-05,1.889938232298038630e-04,4.952157205708154208e-01,9.904289574248963390e-01,4.827412659600683589e-07,3.499894514501114377e-06
2.723096476175944147e+01,5.446192809458285211e+01,2.655085668017362626e-05,1.924937177443049774e-04,4.952181061422251673e-01,9.904358868958027529e-01,4.827439434030524783e-07,3.499882265282358096e-06
2.772618286790166664e+01,5.545236398147865486e+01,2.703360062357667873e-05,1.959936000095873355e-04,4.952223989572104301e-01,9.904466331022305781e-01,4.827408001028944229e-07,3.499893294436185300e-06
2.822140526685887707e+01,5.644281061458088544e+01,2.751634142367957316e-05,1.994934933040235208e-04,4.952266919401964174e-01,9.904535625731512027e-01,4.827434770994413571e-07,3.499881045225994216e-06
2.871663195879907349e+01,5.743326417715403664e+01,2.799908490077901451e-05,2.029933743492495150e-04,4.952309848476801335e-01,9.904604933674363565e-01,4.827432442803266212e-07,3.499892074447367215e-06
2.921186294364675362e+01,5.842372467052147300e+01,2.848182814505934113e-05,2.064932664236968822e-04,4.952352777603330480e-01,9.904712383100289230e-01,4.827430112393976734e-07,3.499879825245714223e-06
2.970709822140708667e+01,5.941419590883150192e+01,2.896457115629873881e-05,2.099931462489425965e-04,4.952376632733752615e-01,9.904743536387385916e-01,4.827427781986957304e-07,3.499890854312723938e-06
3.020233588468046193e+01,6.040467026247024052e+01,2.944731393449743454e-05,2.134930371032553204e-04,4.952438636002689520e-01,9.904850985813666853e-01,4.827425451582174041e-07,3.499878605119609038e-06
3.069757974828073088e+01,6.139515536105160720e+01,2.993005647965565194e-05,2.169929157083749294e-04,4.952462491218092566e-01,9.904958449795415731e-01,4.827423118959282540e-07,3.499889633810210864e-06
3.119282599740254014e+01,6.238565120603114877e+01,3.041279879155158020e-05,2.204928053421851403e-04,4.952505421455626333e-01,9.904989588721377913e-01,4.827449893266642770e-07,3.499877384625634056e-06
3.168807653954810277e+01,6.337615016490328657e+01,3.089554378087824447e-05,2.239926827268107744e-04,4.952529275830137578e-01,9.905097053164482190e-01,4.827418460367282151e-07,3.499888413383835887e-06
3.218332946713111653e+01,6.436665987021973478e+01,3.137828562691497269e-05,2.274925711401946102e-04,4.952591279324565221e-01,9.905128191556542561e-01,4.827416129971545200e-07,3.499876164207797171e-06
3.267858859506357305e+01,6.535717268937538904e+01,3.186102723991212721e-05,2.309924473044024074e-04,4.952634209760660156e-01,9.905273812378396769e-01,4.827442902023053404e-07,3.499887192589618218e-06
3.317385201603963907e+01,6.634770007061322872e+01,3.234377153011443255e-05,2.344923344969920256e-04,4.952638991087070508e-01,9.905343122226213382e-01,4.827440571603735056e-07,3.499898221034756672e-06
3.366911591514834612e+01,6.733823438283585006e+01,3.282651558727480606e-05,2.379922327180267823e-04,4.952720067902234291e-01,9.905412416500212203e-01,4.827409138769629855e-07,3.499885971790087959e-06
3.416438792193856955e+01,6.832877562448587128e+01,3.330925650115176904e-05,2.414921186898168703e-04,4.952724850275131985e-01,9.905481710410271035e-01,4.827435910785765963e-07,3.499873722631098322e-06
3.465966040696608275e+01,6.931932379552689838e+01,3.379200009223034564e-05,2.449919924124479686e-04,4.952805928225174625e-01,9.905551020318910105e-01,4.827433580373156116e-07,3.499884750926183195e-06
3.515494099978860021e+01,7.030987889755878939e+01,3.427474345026766125e-05,2.484918771633741518e-04,4.952810709684882795e-01,9.905620330554683051e-01,4.827431249962782435e-07,3.499895778840496265e-06
3.565022207075708849e+01,7.130044093061425770e+01,3.475748657526393949e-05,2.519917729422146480e-04,4.952853639458254520e-01,9.905689624295206386e-01,4.827428919554644922e-07,3.499883529612930842e-06
3.614550743470291394e+01,7.229100989304377833e+01,3.524022946721940398e-05,2.554916564718275789e-04,4.952896569283353756e-01,9.905835248430037154e-01,4.827426589148743575e-07,3.499894557594898127e-06
3.664079709163124932e+01,7.328159341788678205e+01,3.572297212613427834e-05,2.589915510294224770e-04,4.952939499160251557e-01,9.905828228465907159e-01,4.827424258745213921e-07,3.499882308375897901e-06
3.713609104154727447e+01,7.427217624073337277e+01,3.620571455200879973e-05,2.624914333377983749e-04,4.952982429089018979e-01,9.905973835814734230e-01,4.827421928343717146e-07,3.499870059020559251e-06
3.763138928445617637e+01,7.526277362431484619e+01,3.668845674484317145e-05,2.659913033968189342e-04,4.953025359069371802e-01,9.906043164584019678e-01,4.827419597944727588e-07,3.499904363731866103e-06
3.812669182036311355e+01,7.625337794077324816e+01,3.717119870463764421e-05,2.694912077605508003e-04,4.953030141816512355e-01,9.906112440447287781e-01,4.827446369838281088e-07,3.499868837868202499e-06
3.862199483454476479e+01,7.724398918481797693e+01,3.765394334162147232e-05,2.729910765984190028e-04,4.953111219181778324e-01,9.906181769871125198e-01,4.827414937139091295e-07,3.499903141818182586e-06
3.911730595646294262e+01,7.823460736180508945e+01,3.813668483533538145e-05,2.764909797402371854e-04,4.953116002024415820e-01,9.906251045006939648e-01,4.827441709009198923e-07,3.499867616126039766e-06
3.961261755666538420e+01,7.922523246630578342e+01,3.861942900623630134e-05,2.799908473563632251e-04,4.953197079501094890e-01,9.906396690660130844e-01,4.827410276342602958e-07,3.499901920202708877e-06
4.010793726461549369e+01,8.021587213537179650e+01,3.910217003387056163e-05,2.834907492765659340e-04,4.953201862439371439e-01,9.906389668657595848e-01,4.827437048188993663e-07,3.499889670710164442e-06
4.060325745085943083e+01,8.120651110223755609e+01,3.958491373868946100e-05,2.869906389472760984e-04,4.953244792722628631e-01,9.906535277706183251e-01,4.827434719995677900e-07,3.499877421525262374e-06
4.109858193013169370e+01,8.219716463000817441e+01,4.006765721068902879e-05,2.904905163688013608e-04,4.953287723057542280e-01,9.906604590174765690e-01,4.827432387363841731e-07,3.499888448735386133e-06
4.159391070243744792e+01,8.318782508902565098e+01,4.055040044942541296e-05,2.939904048175367469e-04,4.953368801982094283e-01,9.906597566740771299e-01,4.827430056954620016e-07,3.499876199559103472e-06
4.208924758263565735e+01,8.417848484569972811e+01,4.103314345512087496e-05,2.974902810170958504e-04,4.953335435344783377e-01,9.906743195778062727e-01,4.827427726547702230e-07,3.499887226392792237e-06
4.258458112617013569e+01,8.516915916527753438e+01,4.151588622777564519e-05,3.009901682434886427e-04,4.953416514373003565e-01,9.906888825943980237e-01,4.827425396142885085e-07,3.499898253289852618e-06
4.307992277760743605e+01,8.615984804787193241e+01,4.199862876738993370e-05,3.044900664967784953e-04,4.953459444915182530e-01,9.906881802073286281e-01,4.827423067960817920e-07,3.499886004044939960e-06
4.357526872209895430e+01,8.715053622807926104e+01,4.248137107418601549e-05,3.079899525008234352e-04,4.953502375508946898e-01,9.906951094747853404e-01,4.827420735340298111e-07,3.499873754885787693e-06
4.407061895964984899e+01,8.814123133755404638e+01,4.296411314772004530e-05,3.114898262557092229e-04,4.953507158821537359e-01,9.907096725775375035e-01,4.827447507064173970e-07,3.499884781632686074e-06
4.456596967553200273e+01,8.913194101013158388e+01,4.344685789842646270e-05,3.149897110373419090e-04,4.953588236847963344e-01,9.907089721443185226e-01,4.827416074532493414e-07,3.499895807999083702e-06
4.506132849921679906e+01,9.012264998227590240e+01,4.392959950587971204e-05,3.184896068453409927e-04,4.953593020256192858e-01,9.907235332459123356e-01,4.827442848453233925e-07,3.499883558771247228e-06
4.555668780124241835e+01,9.111337351552181474e+01,4.441234379072503543e-05,3.219894904041122399e-04,4.953674098394174052e-01,9.907304625134116804e-01,4.827411413733768909e-07,3.499871309629225356e-06
4.605205521108183575e+01,9.210410397803522642e+01,4.489508493209841232e-05,3.254893617137414653e-04,4.953678881897829456e-01,9.907373960767955623e-01,4.827438185410549737e-07,3.499905611561993091e-06
4.654742309927161870e+01,9.309484137411202198e+01,4.537782875063946729e-05,3.289892673253034584e-04,4.953721812794569246e-01,9.907443231745247658e-01,4.827435857216082009e-07,3.499870086630472305e-06
4.704279528055107562e+01,9.408558569728654675e+01,4.586057233636107550e-05,3.324891374119339307e-04,4.953764743742681276e-01,9.907512545911885127e-01,4.827433524583093875e-07,3.499881113136352542e-06
4.753817175492534375e+01,9.507633695187773526e+01,4.634331568881938488e-05,3.359890185250702832e-04,4.953807673345096418e-01,9.907658180251814883e-01,4.827402092149262565e-07,3.499892139039579003e-06
4.803355252225985339e+01,9.606710276990291675e+01,4.682605589803431114e-05,3.394889106641098622e-04,4.953850605780445449e-01,9.907651152911256531e-01,4.827428865999123359e-07,3.499879889837438120e-06
4.852893758283789793e+01,9.705786788519404240e+01,4.730879878463422348e-05,3.429887905539473003e-04,4.953893536884095283e-01,9.907796787979066266e-01,4.827426533372979251e-07,3.499890915586382611e-06
4.902432693652630746e+01,9.804864756399194903e+01,4.779154143797152140e-05,3.464886814695336830e-04,4.953898320666425548e-01,9.907789759838010468e-01,4.827453307171272680e-07,3.499878666614797320e-06
4.951971676859295002e+01,9.903942653997575007e+01,4.827428676868864867e-05,3.499885601361484803e-04,4.953979399242740556e-01,9.907935395633842290e-01,4.827421872554061482e-07,3.499889692209297212e-06
5.001511470851722407e+01,1.000302200795391343e+02,4.875702895594405482e-05,3.534884498283577775e-04,4.953984183120709872e-01,9.908004711376889873e-01,4.827448646328637988e-07,3.499900717867168720e-06
5.051051312682929506e+01,1.010210205506768233e+02,4.923977382057691862e-05,3.569883505462249462e-04,4.954065260324256315e-01,9.908074003712954436e-01,4.827388109804791943e-07,3.499888468605017247e-06
5.100591965286172069e+01,1.020118279510481187e+02,4.972251263155739781e-05,3.604882390148299635e-04,4.954070045767835495e-01,9.908219617400533252e-01,4.827443985509245880e-07,3.499876219428571956e-06
5.150132665743850424e+01,1.030026499127881721e+02,5.020525703010832240e-05,3.639881152342585354e-04,4.954112977174034427e-01,9.908212611755686794e-01,4.827441652868397280e-07,3.499887244714453699e-06
5.199673795515590768e+01,1.039934711739637407e+02,5.068800119539516213e-05,3.674880024789729891e-04,4.954155908632245087e-01,9.908358225710856004e-01,4.827439324670609183e-07,3.499874995546573605e-06
5.249215354601913219e+01,1.049843069965348263e+02,5.117074512786222304e-05,3.709878774745195627e-04,4.954198837058143567e-01,9.908351219725943793e-01,4.827378788268126019e-07,3.499886020900001143e-06
5.298757342972494655e+01,1.059751421185074207e+02,5.165348300668903565e-05,3.744877634954195639e-04,4.954241771675214068e-01,9.908496858834325849e-01,4.827434663869174174e-07,3.499897046094809904e-06
5.348299760689246796e+01,1.069659918043908533e+02,5.213622647307595306e-05,3.779876605415143738e-04,4.954284703288465153e-01,9.908566150904078995e-01,4.827432331237338004e-07,3.499884796858354023e-06
5.397842607722131447e+01,1.079568484194812612e+02,5.261896970619968686e-05,3.814875453383727278e-04,4.954327634954012183e-01,9.908635442609892152e-01,4.827430003048562338e-07,3.499872547485722348e-06
5.447385884071671569e+01,1.089477119637422504e+02,5.310171270650454310e-05,3.849874178858584501e-04,4.954370566670931453e-01,9.908704785106579038e-01,4.827427670421266265e-07,3.499906846640167806e-06
5.496929589738380884e+01,1.099385824422529083e+02,5.358445547354666972e-05,3.884873247324986179e-04,4.954375349404642748e-01,9.908774051198889765e-01,4.827425342236962933e-07,3.499871323306815232e-06
5.546473343232427311e+01,1.109294598473727973e+02,5.406719800777036602e-05,3.919871960558054332e-04,4.954456430242046849e-01,9.908919692430941950e-01,4.827423011834517481e-07,3.499882348197234233e-06
5.596017907534847780e+01,1.119203518166158915e+02,5.454994030895381777e-05,3.954870784040026674e-04,4.954461216328240880e-01,9.908912659751649699e-01,4.827478885003903450e-07,3.499870099063669138e-06
5.645562519698130188e+01,1.129112430825910565e+02,5.503268819745420811e-05,3.989869485030663365e-04,4.954542294049062434e-01,9.909058328210136324e-01,4.827418348788038585e-07,3.499904397361649089e-06
5.695107942638620813e+01,1.139021489154120701e+02,5.551543003233301197e-05,4.024868529004279856e-04,4.954547076916284709e-01,9.909051295190636210e-01,4.827416020612679921e-07,3.499892148073747815e-06
5.744653413407783660e+01,1.148930540449311337e+02,5.599817163439427996e-05,4.059867450485017334e-04,4.954590008907189258e-01,9.909196911379893891e-01,4.827413687998936376e-07,3.499879898871606932e-06
5.794199313496855552e+01,1.158839737360691231e+02,5.648091300319417360e-05,4.094866249473733404e-04,4.954632944350905177e-01,9.909266202552657887e-01,4.827469563285227087e-07,3.499867649755118021e-06
5.843745642940364604e+01,1.168749003563243889e+02,5.696365995952269631e-05,4.129864925971284584e-04,4.954675873073384196e-01,9.909335548201738675e-01,4.827409029411103389e-07,3.499901947418677071e-06
5.893292401671098446e+01,1.178658339111445628e+02,5.744640086246380665e-05,4.164863945445471355e-04,4.954718805219542332e-01,9.909481165556002225e-01,4.827406699024378869e-07,3.499889698147906191e-06
5.942839589723293869e+01,1.188567820277001630e+02,5.792914153236624453e-05,4.199862842426950417e-04,4.954723591704279784e-01,9.909474130838304973e-01,4.827462572012906363e-07,3.499877448962895703e-06
5.992386825640336667e+01,1.198477294407839935e+02,5.841188778956753517e-05,4.234861616916579374e-04,4.954804669677770335e-01,9.909619804221421191e-01,4.827402036009409599e-07,3.499911746291002601e-06
6.041934872337114371e+01,1.208386914212061356e+02,5.889462799316847613e-05,4.269860734379489400e-04,4.954847605524790310e-01,9.909612712480537766e-01,4.827457911166476963e-07,3.499852950687146105e-06
6.091483348392362274e+01,1.218296526924541894e+02,5.937737378428512383e-05,4.304859263886360861e-04,4.954852385105610324e-01,9.909758386591249746e-01,4.827397377444006044e-07,3.499887247638980639e-06
6.141031872243418377e+01,1.228206285311133144e+02,5.986011352202952443e-05,4.339858136362750667e-04,4.954933470351505775e-01,9.909827735199030485e-01,4.827453250329127757e-07,3.499921544409861831e-06
6.190581206946933435e+01,1.238116113046332174e+02,6.034285884706243721e-05,4.374857351806849285e-04,4.954938249941207573e-01,9.909896968694908992e-01,4.827392714446993873e-07,3.499862749226133676e-06
6.240130589446345510e+01,1.248026010015027083e+02,6.082559811850713659e-05,4.409855979299110622e-04,4.954981186073936783e-01,9.909966317496099464e-01,4.827448589500790981e-07,3.499897045842624479e-06
6.289680401307084878e+01,1.257935976332523182e+02,6.130834297745721569e-05,4.444854949757536867e-04,4.955024118655231291e-01,9.910035608329650358e-01,4.827446259075780571e-07,3.499884796606114387e-06
6.339230642493637191e+01,1.267846011940852833e+02,6.179108760336479375e-05,4.479853797723598011e-04,4.955067047570267391e-01,9.910181227190122399e-01,4.827385725505165719e-07,3.499872547233536923e-06
6.388781312969339865e+01,1.277756193168042955e+02,6.227382617591531032e-05,4.514852523195933380e-04,4.955148133311126912e-01,9.910250577737258482e-01,4.827441598260996322e-07,3.499906843292693599e-06
6.438332794302451134e+01,1.287666443745780214e+02,6.275657033574140995e-05,4.549851591628860316e-04,4.955152916699745447e-01,9.910167150717654749e-01,4.827439267842829939e-07,3.499848049248353507e-06
6.487884323469448589e+01,1.297576610896497868e+02,6.323931426252569295e-05,4.584850072121343851e-04,4.955157700084669159e-01,9.910389219602109279e-01,4.827436937426967485e-07,3.499928889507753285e-06
6.537435900470295280e+01,1.307487000116099978e+02,6.372205795626838969e-05,4.619849361016421384e-04,4.955238782309976386e-01,9.910458449704719897e-01,4.827434607013408960e-07,3.499870095412889372e-06
6.586988288293395044e+01,1.317397458565804698e+02,6.420480141696973059e-05,4.654848061970550278e-04,4.955243565761833224e-01,9.910527739811243464e-01,4.827432276602018841e-07,3.499857846587020854e-06
6.636540723951013376e+01,1.327307986305615941e+02,6.468754464462993248e-05,4.689846640436420486e-04,4.955324648127685805e-01,9.910597091764259403e-01,4.827429946192932650e-07,3.499892141712679459e-06
6.686093970432290234e+01,1.337218583397380200e+02,6.517028763924922574e-05,4.724845561853547281e-04,4.955329431646049443e-01,9.910666382064050595e-01,4.827427615786014864e-07,3.499879892510592786e-06
6.735647264748750729e+01,1.347129249779444251e+02,6.565303040082782723e-05,4.759844360778653209e-04,4.955410514152163159e-01,9.910888396186408045e-01,4.827425285381536533e-07,3.499914187156112459e-06
6.785201369890272360e+01,1.357040138175630659e+02,6.613577292936598088e-05,4.794843502650214333e-04,4.955415297737459923e-01,9.910804962568136034e-01,4.827422954978955556e-07,3.499855394200636610e-06
6.834755522867646960e+01,1.366950943138198795e+02,6.661851522486387644e-05,4.829842056592220699e-04,4.955420081319061865e-01,9.910874315829971692e-01,4.827420624578949559e-07,3.499889688913864708e-06
6.884309723680837578e+01,1.376861817454028767e+02,6.710125728732177139e-05,4.864840953481359346e-04,4.955501163999116443e-01,9.911096332765509942e-01,4.827418294181111966e-07,3.499923982780222490e-06
6.933864735320828743e+01,1.386772913786794277e+02,6.758399911673988259e-05,4.899840193309161571e-04,4.955582246786036649e-01,9.911012895993849270e-01,4.827415963785578303e-07,3.499865190244766562e-06
6.983420557788689109e+01,1.396683926682788126e+02,6.806674071311844042e-05,4.934838845211609237e-04,4.955587034597783713e-01,9.911082250467586618e-01,4.827471836174948572e-07,3.499899484400823164e-06
7.032976428134666946e+01,1.406595008933255713e+02,6.854948789673593528e-05,4.969837840055617469e-04,4.955591814248805349e-01,9.911304204321993438e-01,4.827411302972826933e-07,3.499887234925300704e-06
7.082532346277155000e+01,1.416506313137577706e+02,6.903222902703321797e-05,5.004836712404870476e-04,4.955672897209524308e-01,9.911373494622921498e-01,4.827408972584069534e-07,3.499874985757474820e-06
7.132089075249250243e+01,1.426417686632200628e+02,6.951496992429162492e-05,5.039835462262445224e-04,4.955677685171053781e-01,9.911290119233910900e-01,4.827464847116229871e-07,3.499862736897345512e-06
7.181645852100960781e+01,1.436328976751434539e+02,6.999771640900324791e-05,5.074834089631418679e-04,4.955758764121327431e-01,9.911512140876368449e-01,4.827404311785006216e-07,3.499897029975054634e-06
7.231203439742174055e+01,1.446240488892310907e+02,7.048045684018174853e-05,5.109833059931169225e-04,4.955763552207486100e-01,9.911581431007903120e-01,4.827460184045085376e-07,3.499884780960643357e-06
7.280761075264248916e+01,1.456152070323318810e+02,7.096320285858625707e-05,5.144831907740775659e-04,4.955844631240324816e-01,9.911650720774787260e-01,4.827399650994887567e-07,3.499872531810056288e-06
7.330319521576652164e+01,1.466063721044093597e+02,7.144594282368574583e-05,5.179830633058876222e-04,4.955849419450828464e-01,9.911720078836765424e-01,4.827455525423777647e-07,3.499906824330485493e-06
7.379878015771160449e+01,1.475975441122930363e+02,7.192868837622812359e-05,5.214829701302181077e-04,4.955930498566516462e-01,9.911789368797485622e-01,4.827394990213849111e-07,3.499894575247444219e-06
7.429437320756825613e+01,1.485887230491727848e+02,7.241142787524950850e-05,5.249828647054655519e-04,4.955935286901365089e-01,9.911858658395260591e-01,4.827450862370658013e-07,3.499882326028335572e-06
7.478996673625839264e+01,1.495799089150123109e+02,7.289417296148657430e-05,5.284827470314938875e-04,4.955940066556223655e-01,9.911927947628385027e-01,4.827390329441755322e-07,3.499870076894878897e-06
7.528556074291401501e+01,1.505711017097751494e+02,7.337691199443074983e-05,5.319826171083887664e-04,4.956021154522005645e-01,9.911997306999182911e-01,4.827446201546793571e-07,3.499904369002986015e-06
7.578116285836621557e+01,1.515623014404750677e+02,7.385965661458542919e-05,5.354825214773917524e-04,4.956025938625430172e-01,9.912066596426143406e-01,4.827443873344600903e-07,3.499892119715138951e-06
7.627676545222875859e+01,1.525535081001176820e+02,7.434240100191988928e-05,5.389824135971068913e-04,4.956107022378830607e-01,9.912288556156738650e-01,4.827441540704091117e-07,3.499879870513160698e-06
7.677237615446664165e+01,1.535447369557333559e+02,7.482514515599029839e-05,5.424822934676200520e-04,4.956111802052021176e-01,9.912205174723567325e-01,4.827381007896483544e-07,3.499867621396942838e-06
7.726798733467184377e+01,1.545359574732057126e+02,7.530788325677994675e-05,5.459821610890169949e-04,4.956192890414286012e-01,9.912427207137852747e-01,4.827436882118562060e-07,3.499901912870574845e-06
7.776360662371327237e+01,1.555272001939194979e+02,7.579062694499180295e-05,5.494820630018875697e-04,4.956197674650439922e-01,9.912343824830429639e-01,4.827434549484693012e-07,3.499889663600075015e-06
7.825922639117831636e+01,1.565184345764025409e+02,7.627337039994027226e-05,5.529819526654876447e-04,4.956278758685215280e-01,9.912565786162872428e-01,4.827432219073302892e-07,3.499877414415227157e-06
7.875485426704683789e+01,1.575096911550188281e+02,7.675611362184760254e-05,5.564818300799028719e-04,4.956283542988586532e-01,9.912482402060334152e-01,4.827429890884662751e-07,3.499865165538184296e-06
7.925048262134569654e+01,1.585009393952248615e+02,7.723885661093606882e-05,5.599816952454410562e-04,4.956364627163196701e-01,9.912704437918762324e-01,4.827427558257434441e-07,3.499899456155405007e-06
7.974611908406201621e+01,1.594922098390167378e+02,7.772159936676181226e-05,5.634815947015964612e-04,4.956369411533501079e-01,9.912773727346575470e-01,4.827425230073266633e-07,3.499887206902252412e-06
8.024175602521536632e+01,1.604834872117513953e+02,7.820434188976913893e-05,5.669814819084987136e-04,4.956374195899826418e-01,9.912843016411159169e-01,4.827422897450646183e-07,3.499874957956471133e-06
8.073739344480534896e+01,1.614747715133925112e+02,7.868708417951420354e-05,5.704813568664551847e-04,4.956455280248235340e-01,9.912759705204905458e-01,4.827420567050640186e-07,3.499909248016628768e-06
8.123303897283017250e+01,1.624660474839130018e+02,7.916982623621926756e-05,5.739812661144718135e-04,4.956460069438577420e-01,9.912981669401972340e-01,4.827476441009528624e-07,3.499896998916673940e-06
8.172868497977403024e+01,1.634573456508531990e+02,7.965257388032022043e-05,5.774811631133884874e-04,4.956541149199722440e-01,9.913050958296025783e-01,4.827415908449525722e-07,3.499884749680543319e-06
8.222433909469400248e+01,1.644486507466828016e+02,8.013531547116517300e-05,5.809810478630690308e-04,4.956622233795684451e-01,9.913120246825997128e-01,4.827413575835714414e-07,3.499872500308236906e-06
8.272000131807357093e+01,1.654399627713654013e+02,8.061805682874874444e-05,5.844809203633772677e-04,4.956550718233074804e-01,9.913342212601889969e-01,4.827411245444788611e-07,3.499860251465563253e-06
8.321565638989687841e+01,1.664312969926255903e+02,8.110079795329322330e-05,5.879807806148428309e-04,4.956708107937544128e-01,9.913258901199526463e-01,4.827467119300406792e-07,3.499894541036203607e-06
8.371132720069063282e+01,1.674226228827455429e+02,8.158354466522326398e-05,5.914806751558790345e-04,4.956636587524911874e-01,9.913328189559251769e-01,4.827406586861563483e-07,3.499882291595267196e-06
8.420699085944312401e+01,1.684139557017014681e+02,8.206628532390942033e-05,5.949805574474743017e-04,4.956717672328210256e-01,9.913397556347263162e-01,4.827404254256967894e-07,3.499916580907759013e-06
8.470266262667594503e+01,1.694052954573361944e+02,8.254902574933511712e-05,5.984804740283820607e-04,4.956798762196683583e-01,9.913619445394488139e-01,4.827460128035201145e-07,3.499857793473745357e-06
8.519834250289561339e+01,1.703966574018756432e+02,8.303177176213863723e-05,6.019803318218558061e-04,4.956803541967218507e-01,9.913536133164484454e-01,4.827399593466984769e-07,3.499892082410019020e-06
8.569402285709233524e+01,1.713880110151920917e+02,8.351451172148533571e-05,6.054802239042658251e-04,4.956808331680235824e-01,9.913758101804432954e-01,4.827455467193447368e-07,3.499879833208257608e-06
8.618970369026035883e+01,1.723793868253725350e+02,8.399725726820468045e-05,6.089801037374740827e-04,4.956889416821894656e-01,9.913674789620472438e-01,4.827453136761999507e-07,3.499914121664554970e-06
8.668539263194254829e+01,1.733707543043345822e+02,8.448000258188088040e-05,6.124800178591386377e-04,4.956970496996433440e-01,9.913896678428386622e-01,4.827392602284856114e-07,3.499855334899277214e-06
8.718108968164219164e+01,1.743621439721774209e+02,8.496274184210936601e-05,6.159798731940379149e-04,4.956975286933129610e-01,9.913966047786288982e-01,4.827448475933798257e-07,3.499889623423120370e-06
8.767678721033550460e+01,1.753535405769560498e+02,8.544548668970274583e-05,6.194797628174610353e-04,4.956980071820993317e-01,9.913882653196992578e-01,4.827446145508991135e-07,3.499877374016661588e-06
8.817248521751760393e+01,1.763449288422757490e+02,8.592823130425364495e-05,6.229796401914776969e-04,4.957061152083070965e-01,9.914104706084572172e-01,4.827385611123056249e-07,3.499911661838700679e-06
8.866819133272591102e+01,1.773363393128842063e+02,8.641096986536595057e-05,6.264795518533163975e-04,4.957065942169407435e-01,9.914173994638986187e-01,4.827441484694342411e-07,3.499899412721940717e-06
8.916389792694285177e+01,1.783277567123481049e+02,8.689371401383538481e-05,6.299794512660383383e-04,4.957070727120225229e-01,9.914243199432917208e-01,4.827439154276447078e-07,3.499840626651853394e-06
8.965960499965487429e+01,1.793191810322913966e+02,8.737645792926302952e-05,6.334792918926901916e-04,4.957228113365061972e-01,9.914312654052253038e-01,4.827436823860584625e-07,3.499921450674675118e-06
9.015532781099138049e+01,1.803106122976966219e+02,8.785920161164908798e-05,6.369792133433648668e-04,4.957156597771188444e-01,9.914381858119156732e-01,4.827434491226851102e-07,3.499862665219980948e-06
9.065104347076849933e+01,1.813020504835085376e+02,8.834194506077177309e-05,6.404790760085848477e-04,4.957237683507855763e-01,9.914451229995790982e-01,4.827432163035907031e-07,3.499896952108630388e-06
9.114676723911928491e+01,1.822934956065081167e+02,8.882468827707536380e-05,6.439789729606934781e-04,4.957318769351388710e-01,9.914520517653215848e-01,4.827429832626820841e-07,3.499884703094869633e-06
9.164249911605442378e+01,1.832849476582734383e+02,8.930743126033804588e-05,6.474788576637883477e-04,4.957247253710619361e-01,9.914742492167647470e-01,4.827427502220038580e-07,3.499872453944716244e-06
9.213822384142548572e+01,1.842764219074902030e+02,8.979017401056004974e-05,6.509787301177330640e-04,4.957404640453546563e-01,9.914659178568285824e-01,4.827425171815695774e-07,3.499906740276194188e-06
9.263396430547084037e+01,1.852678878253470316e+02,9.027291652774161932e-05,6.544786368580092582e-04,4.957409425674796921e-01,9.914728466054611999e-01,4.827422839193075323e-07,3.499894491193911855e-06
9.312970524803832006e+01,1.862593606719524928e+02,9.075565881166092685e-05,6.579785313492031700e-04,4.957414210893205109e-01,9.914950442001781994e-01,4.827420511013379850e-07,3.499882241975236889e-06
9.362544666912764058e+01,1.872508557161526710e+02,9.123840086276226483e-05,6.614784135911784069e-04,4.957495297050940053e-01,9.914867040470198845e-01,4.827418180615542257e-07,3.499869992842430735e-06
9.412119619883273458e+01,1.882423424201996909e+02,9.172114268082381906e-05,6.649782835840208376e-04,4.957500082335855041e-01,9.915089104759431393e-01,4.827415850220008594e-07,3.499904278761695013e-06
9.461694620706632008e+01,1.892338513306756340e+02,9.220388426584581992e-05,6.684781878627825327e-04,4.957581174168979032e-01,9.915158392780085705e-01,4.827471721204930474e-07,3.499892029474606890e-06
9.511270432448321799e+01,1.902253671699536426e+02,9.268663143796631297e-05,6.719780798922571395e-04,4.957585954014405161e-01,9.915074989476124756e-01,4.827411189407663800e-07,3.499879780273170739e-06
9.560846291988465850e+01,1.912168746689012551e+02,9.316937255690707935e-05,6.754779596725303103e-04,4.957590739362274235e-01,9.915296967196240985e-01,4.827408859019041926e-07,3.499867531157603399e-06
9.610422199382088593e+01,1.922084043656208792e+02,9.365211344280898354e-05,6.789778272036879137e-04,4.957671831456025302e-01,9.915366343968798901e-01,4.827464729926172300e-07,3.499901816442609406e-06
9.659998917696648846e+01,1.931999410000177591e+02,9.413485991580160077e-05,6.824777290201305231e-04,4.957752912442145998e-01,9.915435631455125076e-01,4.827404198220114134e-07,3.499889567172760098e-06
9.709576446821070306e+01,1.941914845631632716e+02,9.461760033562361218e-05,6.859776185873032832e-04,4.957757697927007712e-01,9.915504918578221805e-01,4.827401865617822474e-07,3.499877317988671181e-06
9.759154023800340383e+01,1.951830350550210937e+02,9.510034052218539443e-05,6.894774959052919544e-04,4.957762489117101268e-01,9.915574205338657521e-01,4.827457740888053440e-07,3.499865069112170421e-06
9.808731648691511396e+01,1.961745924755549595e+02,9.558308629627419977e-05,6.929773609744041248e-04,4.957843570190050286e-01,9.915643583418045637e-01,4.827397204832582734e-07,3.499899353540981972e-06
9.858310084393411898e+01,1.971661568338967641e+02,9.606582601675745805e-05,6.964772603279451068e-04,4.957848361504488821e-01,9.915712870371180543e-01,4.827453080050907522e-07,3.499887104288371478e-06
9.907888568008456787e+01,1.981577281209338821e+02,9.654857132476254880e-05,6.999771474322334782e-04,4.957929448455331567e-01,9.915782156960517568e-01,4.827450747401588593e-07,3.499874855343457561e-06
9.957467862493010102e+01,1.991493063366299339e+02,9.703131639950270766e-05,7.034770222875769358e-04,4.957934228304310409e-01,9.915851536251523157e-01,4.827390215877540866e-07,3.499909139215206036e-06
1.000704720477605321e+02,2.001408914902550862e+02,9.751405542109046175e-05,7.069769314267921418e-04,4.958015315337434004e-01,9.916073425809202035e-01,4.827387883288801734e-07,3.499850357104082946e-06
1.005662735792942755e+02,2.011324988328360064e+02,9.799679420941934192e-05,7.104767817838962248e-04,4.958020112782577371e-01,9.915990109527399454e-01,4.827501959444685476e-07,3.499884640821549452e-06
1.010620755905725332e+02,2.021240978437887463e+02,9.847954440536381047e-05,7.139766664247177742e-04,4.958024886755367788e-01,9.916212187398514288e-01,4.827383224722652790e-07,3.499918924580107220e-06
1.015578780792480700e+02,2.031157190625285978e+02,9.896228272783607575e-05,7.174765853492978815e-04,4.958105985840717267e-01,9.916128682269231831e-01,4.827497296330037369e-07,3.499860142667176287e-06
1.020536886778321417e+02,2.041073319307555209e+02,9.944503245746907948e-05,7.209764454919650577e-04,4.958187061334626833e-01,9.916350761401702130e-01,4.827378563945273517e-07,3.499894426049407481e-06
1.025495073839656044e+02,2.050989670068956912e+02,9.992777031386360683e-05,7.244763399180144652e-04,4.958191859143568081e-01,9.916267349383360852e-01,4.827492637664954978e-07,3.499882176609446852e-06
1.030453265698799612e+02,2.060905937418340272e+02,1.004105195776301023e-04,7.279762220946239121e-04,4.958196633019298361e-01,9.916489334410130141e-01,4.827373903176703385e-07,3.499869927699010563e-06
1.035411462331818910e+02,2.070822426752750403e+02,1.008932569679477727e-04,7.314760920223229226e-04,4.958277732616096500e-01,9.916558717386010358e-01,4.827487974568467257e-07,3.499904210524287101e-06
1.040369740064435007e+02,2.080738985470136413e+02,1.013760057654046194e-04,7.349759962328472097e-04,4.958282506443651982e-01,9.916628004168046573e-01,4.827369242417213447e-07,3.499891961237632659e-06
1.045328022570878659e+02,2.090655613474304459e+02,1.018587426896463407e-04,7.384758881940848424e-04,4.958363606296245507e-01,9.916544589480338345e-01,4.827483315921409727e-07,3.499879712036847029e-06
1.050286386177174904e+02,2.100572158063784798e+02,1.023414910212384817e-04,7.419757679061216894e-04,4.958368380074489323e-01,9.916766576109239395e-01,4.827364579446493179e-07,3.499867462921604951e-06
1.055244754557249394e+02,2.110488924639894037e+02,1.028242274791831310e-04,7.454756353690432944e-04,4.958449480183304559e-01,9.916835960391949811e-01,4.827478655063121866e-07,3.499901745112840058e-06
1.060203204037432698e+02,2.120405760600285987e+02,1.033069753446894432e-04,7.489755371141561344e-04,4.958454253913089360e-01,9.916905246641078975e-01,4.827359920925338626e-07,3.499889496065360615e-06
1.065161658291345788e+02,2.130322665846927066e+02,1.037897113367819771e-04,7.524754266102214951e-04,4.958535354277273655e-01,9.917127235769385152e-01,4.827473991993468149e-07,3.499877246659769195e-06
1.070120193645623061e+02,2.140239793082696451e+02,1.042724587359813239e-04,7.559753038568812642e-04,4.958540127958741550e-01,9.917043918554497850e-01,4.827355260192818217e-07,3.499911528293941226e-06
1.075078733773581803e+02,2.150156837001250949e+02,1.047551942620006057e-04,7.594752153851752055e-04,4.958544926604702141e-01,9.917113104199586360e-01,4.827469333373380148e-07,3.499852748387001153e-06
1.080037278700186505e+02,2.160073950105450535e+02,1.052379411953379437e-04,7.629750681335622066e-04,4.958626014802547388e-01,9.917182489887750307e-01,4.827467000708204762e-07,3.499887030088718980e-06
1.084995904714989052e+02,2.169991132595338286e+02,1.057206878954087642e-04,7.664749551636509256e-04,4.958630801060195381e-01,9.917404581971709376e-01,4.827464672485818828e-07,3.499921310943891750e-06
1.089954535516049248e+02,2.179908537177309995e+02,1.062034343626573461e-04,7.699748764745948174e-04,4.958711876655002015e-01,9.917321061220718548e-01,4.827345938698774990e-07,3.499862531678907783e-06
1.094913247392704250e+02,2.189825858238530714e+02,1.066861689565272236e-04,7.734747390062737251e-04,4.958792977786714573e-01,9.917543154566317298e-01,4.827460009443270165e-07,3.499896812379907005e-06
1.099872040370490964e+02,2.199743401393097031e+02,1.071689149574715506e-04,7.769746358186536321e-04,4.958721462022879223e-01,9.917459733834448343e-01,4.827457681227524970e-07,3.499884563366905191e-06
1.104830761832513844e+02,2.209660861126931479e+02,1.076516607255943031e-04,7.804745203820205373e-04,4.958878839813394279e-01,9.917681829361697510e-01,4.827338947615850834e-07,3.499918843809864295e-06
1.109789640672327238e+02,2.219578542956293177e+02,1.081343946203558882e-04,7.839744392258304016e-04,4.958807336901429608e-01,9.917751012148983136e-01,4.827453018198528834e-07,3.499860064769743859e-06
1.114748448009228667e+02,2.229496293968442160e+02,1.086171399221757411e-04,7.874742992906001455e-04,4.958888425554306423e-01,9.917667588723304561e-01,4.827450689989695428e-07,3.499847816014023220e-06
1.119707336434782974e+02,2.239413961557165464e+02,1.090998849911747106e-04,7.909741471066141687e-04,4.958969514314475191e-01,9.917889790719982557e-01,4.827448359562719902e-07,3.499928625329100373e-06
1.124666305949097449e+02,2.249331851347885447e+02,1.095826298271309826e-04,7.944740757319432691e-04,4.958974300838292493e-01,9.917958866918752392e-01,4.827446026917873306e-07,3.499823317990404838e-06
1.129625280249935741e+02,2.259249810214804199e+02,1.100653744298227699e-04,7.979738990499336739e-04,4.958979087359267623e-01,9.918028361979338570e-01,4.827443698715545113e-07,3.499904126825505689e-06
1.134584259337295009e+02,2.269167838576783538e+02,1.105481187996943244e-04,8.014738031767591796e-04,4.959060176292808819e-01,9.918097647524461991e-01,4.827441366075441902e-07,3.499891877539501768e-06
1.139543319513587818e+02,2.279085936224308000e+02,1.110308629363018686e-04,8.049736950542986814e-04,4.959141252012813084e-01,9.918166932705503314e-01,4.827322635092822509e-07,3.499879628339258239e-06
1.144502460765600631e+02,2.289004103157013503e+02,1.115135951998111509e-04,8.084735746826379396e-04,4.959146051933487342e-01,9.918236217522746756e-01,4.827436707518237627e-07,3.499867379224666682e-06
1.149461606817534118e+02,2.298922339374536250e+02,1.119963388705629746e-04,8.119734420618626063e-04,4.959150838587760290e-01,9.918458428975043262e-01,4.827434374884639629e-07,3.499948186448643105e-06
1.154420757656121879e+02,2.308840797803511293e+02,1.124790823080514386e-04,8.154733902483112494e-04,4.959231927802107975e-01,9.918374787520747304e-01,4.827432046693695558e-07,3.499842880927070410e-06
1.159379989583923987e+02,2.318759172591032041e+02,1.129618255127208082e-04,8.189732331292383198e-04,4.959236714523314049e-01,9.918444287766021716e-01,4.827429716284744893e-07,3.499923687671287371e-06
1.164339226298447301e+02,2.328677616878798062e+02,1.134445684843492827e-04,8.224731568169096072e-04,4.959241501240541083e-01,9.918666286894506356e-01,4.827427383657923159e-07,3.499911438470176481e-06
1.169298467799687842e+02,2.338596283165692569e+02,1.139273112227150750e-04,8.259730682553797837e-04,4.959398893303017530e-01,9.918582639984379057e-01,4.827425055473755352e-07,3.499806133961031775e-06
1.174257866692990859e+02,2.348514865805676948e+02,1.144100537282624505e-04,8.294728743893408154e-04,4.959327377449795904e-01,9.918804856892222688e-01,4.827422722851405952e-07,3.499886939985230074e-06
1.179217194070440655e+02,2.358433670662569170e+02,1.148927960005475911e-04,8.329727613293260455e-04,4.959408466978487695e-01,9.918721646748451803e-01,4.827420394671710479e-07,3.499967745340150371e-06
1.184176602537419143e+02,2.368352392309317622e+02,1.153755380400147622e-04,8.364727290746661959e-04,4.959489570453996521e-01,9.918943427277326919e-01,4.827534464332816633e-07,3.499862441413981173e-06
1.189136092107873139e+02,2.378271335736594949e+02,1.158582914864480438e-04,8.399725915160801771e-04,4.959494343592893983e-01,9.918859995137552232e-01,4.827415733822502811e-07,3.499850192641563822e-06
1.194095586451466033e+02,2.388190195731732501e+02,1.163410330598302941e-04,8.434724417087217409e-04,4.959499130510778286e-01,9.919082218250423466e-01,4.827413403429273078e-07,3.499930997054637692e-06
1.199055085581976812e+02,2.398109277949982925e+02,1.168237744001732214e-04,8.469723727057763786e-04,4.959580220319708133e-01,9.919151279933942078e-01,4.827411070818307800e-07,3.499825694362832668e-06
1.204014665802296520e+02,2.408028429229916867e+02,1.173065155072550522e-04,8.504721984001392112e-04,4.959585007304383453e-01,9.919220788101199560e-01,4.827408742649725399e-07,3.499906498517866421e-06
1.208974250809600903e+02,2.417947650018018066e+02,1.177892563815200247e-04,8.539721048986570777e-04,4.959666097253858652e-01,9.919290072942317238e-01,4.827406410043232456e-07,3.499894249215274207e-06
1.213933916906854762e+02,2.427866940090960384e+02,1.182719970225243480e-04,8.574719991478723519e-04,4.959670884305040772e-01,9.919359357417931733e-01,4.827404081879257914e-07,3.499881999776506200e-06
1.218893587791159803e+02,2.437786299448378315e+02,1.187547374307122738e-04,8.609718811476488581e-04,4.959751988639453657e-01,9.919428641531453650e-01,4.827518151162926187e-07,3.499869750867262534e-06
1.223853339779799256e+02,2.447705728089909769e+02,1.192374892458285664e-04,8.644717508985161206e-04,4.959756761570872641e-01,9.919498153767563053e-01,4.827399421061492110e-07,3.499950553189452515e-06
1.228813096541370129e+02,2.457625226243677332e+02,1.197202291879347156e-04,8.679717014517055731e-04,4.959761548685293064e-01,9.919567209586830359e-01,4.827397090684118833e-07,3.499845252536598096e-06
1.233772858090055422e+02,2.467544793453264163e+02,1.202029688970031275e-04,8.714715467042421712e-04,4.959842653366308696e-01,9.919789444338107387e-01,4.827511159805969931e-07,3.499926054378920195e-06
1.238732700743421731e+02,2.477464582897602270e+02,1.206857200129837245e-04,8.749714727586210914e-04,4.959923729377777590e-01,9.919705776721627899e-01,4.827392429879905555e-07,3.499820754548758385e-06
1.243692624472799508e+02,2.487384288674323898e+02,1.211684592559717150e-04,8.784712935131698498e-04,4.959928516629048545e-01,9.919775291185715105e-01,4.827390097289133543e-07,3.499901555911212603e-06
1.248652552989428557e+02,2.497304063965509613e+02,1.216511982657006284e-04,8.819711950690810624e-04,4.959933303876766786e-01,9.919997297961060667e-01,4.827387769140879933e-07,3.499889306865142623e-06
1.253612486293305324e+02,2.507224061263470674e+02,1.221339370426147164e-04,8.854710843759462050e-04,4.960014409069515295e-01,9.919913858900315518e-01,4.827501838046703748e-07,3.499877057460960665e-06
1.258572500702374839e+02,2.517143975122370989e+02,1.226166872264193867e-04,8.889709614334071657e-04,4.960019181794024234e-01,9.920135866015584725e-01,4.827383108354827042e-07,3.499864808364366864e-06
1.263532519884168863e+02,2.527064110988386574e+02,1.230994255372548694e-04,8.924708262417715325e-04,4.960100287242283912e-01,9.920205385618032778e-01,4.827497177152637216e-07,3.499945608337741258e-06
1.268492620171411147e+02,2.536984316374004607e+02,1.235821752549701332e-04,8.959707718501092738e-04,4.960105059918049619e-01,9.920121708931901594e-01,4.827378447577583293e-07,3.499840310102874524e-06
1.273452725231329197e+02,2.546904438082936508e+02,1.240649130997278915e-04,8.994706121602121483e-04,4.960186165621962573e-01,9.920343954252075491e-01,4.827492516267515351e-07,3.499921109374661693e-06
1.278412911396951159e+02,2.556824782037188584e+02,1.245476623513546430e-04,9.029705332695868100e-04,4.960267241733760102e-01,9.920260512545269194e-01,4.827373786809284213e-07,3.499908860191440138e-06
1.283373178638684919e+02,2.566745042549733853e+02,1.250303997300355715e-04,9.064704421297782502e-04,4.960195740724770985e-01,9.920635009559646278e-01,4.827487855391609205e-07,3.499803563190829157e-06
1.288333374379409690e+02,2.576665677559293499e+02,1.255131485155747324e-04,9.099702456929690793e-04,4.960200513229438002e-01,9.920399078463901787e-01,4.827369126049929800e-07,3.499884361964533848e-06
1.293293574892639128e+02,2.586586076637757401e+02,1.259958854281797254e-04,9.134701300549336132e-04,4.960357922966238675e-01,9.920774057797530077e-01,4.827483194524376676e-07,3.499965159625305008e-06
1.298253932815605367e+02,2.596506850695554931e+02,1.264786337476321630e-04,9.169700952145589182e-04,4.960362695495916796e-01,9.920537644769069630e-01,4.827364465299791105e-07,3.499859863207452695e-06
1.303214295511101284e+02,2.606427388340324001e+02,1.269613701941621421e-04,9.204699550777663709e-04,4.960367498298978717e-01,9.920912384136499895e-01,4.827478533666359865e-07,3.499847614453141520e-06
1.308174663009400263e+02,2.616348300724460501e+02,1.274441180475287781e-04,9.239698026922195124e-04,4.960524878117098524e-01,9.920981911659509933e-01,4.827359804558597079e-07,3.499928411394110858e-06
1.313135187887517361e+02,2.626269282636120010e+02,1.279268540279846378e-04,9.274697311036136232e-04,4.960377073691688565e-01,9.920745491573370600e-01,4.827473872817016672e-07,3.499823116432342063e-06
1.318095564961209050e+02,2.636190028127693381e+02,1.284096014152663395e-04,9.309695542200459653e-04,4.960534468933133212e-01,9.921120479032197181e-01,4.827471544588261051e-07,3.499903912893443519e-06
1.323056099430142183e+02,2.646111148606725578e+02,1.288923485697251656e-04,9.344694581329394088e-04,4.960539241303081326e-01,9.921189763167603815e-01,4.827352811215246918e-07,3.499891663608957482e-06
1.328016638671445264e+02,2.656032338369893182e+02,1.293750838508466903e-04,9.379693497965483663e-04,4.960696652231035841e-01,9.920953583844607238e-01,4.827466883752470385e-07,3.499879414410123415e-06
1.332977335323676300e+02,2.665953291953737789e+02,1.298578305392219373e-04,9.414692292109584897e-04,4.960548832418965048e-01,9.921328329279504032e-01,4.827464551089869979e-07,3.499867165297049741e-06
1.337937884156095265e+02,2.675874620283017293e+02,1.303405769943309243e-04,9.449690963762555395e-04,4.960706212459058406e-01,9.921397861983791699e-01,4.827345822332575545e-07,3.499947960147352030e-06
1.342898590368554324e+02,2.685796018145001085e+02,1.308233115765641819e-04,9.484690443364028915e-04,4.960711015990852957e-01,9.921466895925163954e-01,4.827459890267631840e-07,3.499842667002597656e-06
1.347859301384545176e+02,2.695717485040926249e+02,1.313060575655909451e-04,9.519688870034054892e-04,4.960715803947834956e-01,9.921536429743014196e-01,4.827457559831982697e-07,3.499923461373032063e-06
1.352820017188493011e+02,2.705639021470669263e+02,1.317888033215741433e-04,9.554688104647785212e-04,4.960873184172669426e-01,9.921300245103452653e-01,4.827338831250057964e-07,3.499911212173547476e-06
1.357780890372665681e+02,2.715560321715772716e+02,1.322715372046991491e-04,9.589687216769520687e-04,4.960725379867199081e-01,9.921674742558934668e-01,4.827452899023297085e-07,3.499805920041112670e-06
1.362741615752532880e+02,2.725481996458331651e+02,1.327542824946014788e-04,9.624685275969931814e-04,4.960882776034623021e-01,9.921744278046276122e-01,4.827450570814599204e-07,3.499886713691745255e-06
1.367702498528567503e+02,2.735403740736377927e+02,1.332370275516829388e-04,9.659684143106849266e-04,4.960887564124902838e-01,9.921813815934683589e-01,4.827448238167448679e-07,3.499967506673208259e-06
1.372663386092692406e+02,2.745325554552312610e+02,1.337197723754996836e-04,9.694683818173581349e-04,4.961044960580522911e-01,9.921882844010383451e-01,4.827445909963087606e-07,3.499862215123640541e-06
1.377624431053272929e+02,2.755247437396322994e+02,1.342025169664959924e-04,9.729682440324817754e-04,4.960897140368842884e-01,9.921952125987445470e-01,4.827443577320815991e-07,3.499849966352849492e-06
1.382585328193641772e+02,2.765169389522310439e+02,1.346852613242280740e-04,9.764680939988346249e-04,4.961054536964581985e-01,9.922021665544775715e-01,4.827441246900616729e-07,3.499930758392574490e-06
1.387546382730606354e+02,2.775091411187855215e+02,1.351680054489181357e-04,9.799680247572271994e-04,4.961059308982385119e-01,9.922396165680424929e-01,4.827322518727978316e-07,3.499825468077262525e-06
1.392507442039588739e+02,2.785013807353535640e+02,1.356507377007909335e-04,9.834678502253044619e-04,4.961216722013830349e-01,9.922160231507177741e-01,4.827436586123644031e-07,3.499906259859381086e-06
1.397468658761602569e+02,2.794935967585042818e+02,1.361334813594032979e-04,9.869677564851638430e-04,4.961068901641567663e-01,9.922229513870206574e-01,4.827434257930396030e-07,3.499894010558198335e-06
1.402429727663244137e+02,2.804858197098913024e+02,1.366162247851963375e-04,9.904676504957220413e-04,4.961226298665337708e-01,9.922298795868300658e-01,4.827431925299237488e-07,3.499881761121056631e-06
1.407390953961909474e+02,2.814780495894781325e+02,1.370989679777262612e-04,9.939675322568430980e-04,4.961231087023065811e-01,9.922368077503733730e-01,4.827429597110868397e-07,3.499869512213656109e-06
1.412352185048932540e+02,2.824702863972285058e+02,1.375817109374373481e-04,9.974674017690567541e-04,4.961235875376246440e-01,9.922743103494440220e-01,4.827427264483775612e-07,3.499950302162822477e-06
1.417313420924308787e+02,2.834625607075779499e+02,1.380644536638857257e-04,1.000967352071219577e-03,4.961393272757845807e-01,9.922506641671589023e-01,4.827424934079839382e-07,3.499845013886244277e-06
1.422274814197066632e+02,2.844548113717451088e+02,1.385471961572937096e-04,1.004467197085105821e-03,4.961245452147409196e-01,9.922576187523191038e-01,4.827422605897704454e-07,3.499925803355759604e-06
1.427236059649214042e+02,2.854470689904974279e+02,1.390299384178834800e-04,1.007967122888461580e-03,4.961402849669411808e-01,9.922950687772527090e-01,4.827420273277930034e-07,3.499820515901874013e-06
1.432197462498883453e+02,2.864393640592746806e+02,1.395126804452112730e-04,1.011466943404363454e-03,4.961407654882350471e-01,9.922714751350554252e-01,4.827534342349772307e-07,3.499901304891521459e-06
1.437158870153765804e+02,2.874316355344097360e+02,1.399954338794462503e-04,1.014966844709254976e-03,4.961412426698075251e-01,9.922784032644358376e-01,4.827415614649032891e-07,3.499889055847077782e-06
1.442120282580463879e+02,2.884239139376741718e+02,1.404781754409111536e-04,1.018466733765102054e-03,4.961569824577907184e-01,9.923158801234421844e-01,4.827413282036034734e-07,3.499876806444847388e-06
1.447081852405041786e+02,2.894162298177976140e+02,1.409609167691147570e-04,1.021966610571546901e-03,4.961574613202230921e-01,9.922922595208660823e-01,4.827410953865283929e-07,3.499864557349879890e-06
1.452043427018244017e+02,2.904085220773184801e+02,1.414436578645012854e-04,1.025466475128896781e-03,4.961579401822859836e-01,9.923297636040047109e-01,4.827408621256622581e-07,3.499945344950881193e-06
1.457005006420066877e+02,2.914008518409224848e+02,1.419263987266269477e-04,1.028966420473847662e-03,4.961584190440078146e-01,9.923061157239203567e-01,4.827406290870304637e-07,3.499840059092073838e-06
1.461966590610506955e+02,2.923931579566464052e+02,1.424091393557139781e-04,1.032466260532939736e-03,4.961741605820577661e-01,9.923436201319191241e-01,4.827520361838416509e-07,3.499920845991162655e-06
1.466928332216327533e+02,2.933855015767783243e+02,1.428918913918978198e-04,1.035966181378930899e-03,4.961593767795307031e-01,9.923505484408678967e-01,4.827401630048337548e-07,3.499908596810109504e-06
1.471889925984122840e+02,2.943778521252191922e+02,1.433746315549026536e-04,1.039466089975741008e-03,4.961751166243857369e-01,9.923269273064647678e-01,4.827399299668795867e-07,3.499896347492663720e-06
1.476851677150366697e+02,2.953701790525256570e+02,1.438573714848695331e-04,1.042965986323233672e-03,4.961755954994657714e-01,9.923644048426467634e-01,4.827396971511868640e-07,3.499884098039475824e-06
1.481813433105361355e+02,2.963625434573683037e+02,1.443401111820207200e-04,1.046465870421273148e-03,4.961913371033972453e-01,9.923713330425698587e-01,4.827511037823874283e-07,3.499871849115161748e-06
1.486775346476395327e+02,2.973549147904108736e+02,1.448228622858031074e-04,1.049965742270388309e-03,4.961765532616766450e-01,9.923477114785441699e-01,4.827392308487615889e-07,3.499859599833494636e-06
1.491737112009012094e+02,2.983472625018894178e+02,1.453056015166518690e-04,1.053465601870221804e-03,4.961922931493631950e-01,9.923851892262405272e-01,4.827389980337193874e-07,3.499847351080918184e-06
1.496699034940505726e+02,2.993396476911156583e+02,1.457883405146855884e-04,1.056965449221302722e-03,4.961927737853955023e-01,9.923921452282229438e-01,4.827504046487382343e-07,3.499928135649839692e-06
1.501660962678359681e+02,3.003320398363438812e+02,1.462710909193343266e-04,1.060465377356952562e-03,4.962085119599350946e-01,9.923990734666290336e-01,4.827385317326764701e-07,3.499915886195784434e-06
1.506623047797959032e+02,3.013244389098105103e+02,1.467538294510670031e-04,1.063965293243148346e-03,4.961937298267002916e-01,9.924059735732839727e-01,4.827382989182847899e-07,3.499810604020879221e-06
1.511584985096226035e+02,3.023168448833837942e+02,1.472365677499852879e-04,1.067465103847169226e-03,4.962094715220928265e-01,9.923823794809436549e-01,4.827497055171490244e-07,3.499891387870541007e-06
1.516547079811446963e+02,3.033092272628647379e+02,1.477193174555024369e-04,1.070964995235039767e-03,4.962099486646707192e-01,9.924198577648439823e-01,4.827378326185700202e-07,3.499879138673441664e-06
1.521509179298093670e+02,3.043016471206295819e+02,1.482020552881210069e-04,1.074464874373713208e-03,4.962104293426250479e-01,9.924268142292476114e-01,4.827492396506814429e-07,3.499959921392063744e-06
1.526471283591519921e+02,3.052940739348588295e+02,1.486848045277716884e-04,1.077964834295105272e-03,4.962109064728963403e-01,9.924337140063244078e-01,4.827373665417672172e-07,3.499854640211371923e-06
1.531433392656248884e+02,3.062865076488651539e+02,1.491675418943134556e-04,1.081464688935316644e-03,4.962266482342556628e-01,9.924406420266222995e-01,4.827487733411004334e-07,3.499842391271879016e-06
1.536395659138591441e+02,3.072789482908917762e+02,1.496502906676545560e-04,1.084964531326588523e-03,4.962271253670849092e-01,9.924475986579750497e-01,4.827369006878763809e-07,3.499923173270807694e-06
1.541357930392262290e+02,3.082713958895497512e+02,1.501330275683424324e-04,1.088464454499859331e-03,4.962276060813906042e-01,9.924545267895723555e-01,4.827483072544042856e-07,3.499910924073057830e-06
1.546320206453076196e+02,3.092638504163393236e+02,1.506157758755968367e-04,1.091964365423932388e-03,4.962280832019985155e-01,9.924920058937232170e-01,4.827364343908721166e-07,3.499898674517738090e-06
1.551282487285096181e+02,3.102563424222330468e+02,1.510985123099877088e-04,1.095464264098450127e-03,4.962438250292393604e-01,9.924683830503795434e-01,4.827478411686026046e-07,3.499886425491725850e-06
1.556244925535388575e+02,3.112488108052834264e+02,1.515812601511563114e-04,1.098964150523941852e-03,4.962443021523199604e-01,9.924753110728374850e-01,4.827359685387973189e-07,3.499874176107710053e-06
1.561207368556911774e+02,3.122412861163562638e+02,1.520639961196951087e-04,1.102464024700049562e-03,4.962447829030907087e-01,9.924822390588019516e-01,4.827473750836953903e-07,3.499861927031390832e-06
1.566169816385942681e+02,3.132337683554150658e+02,1.525467434947788041e-04,1.105963886627080953e-03,4.962452618424038064e-01,9.924891670086140039e-01,4.827471420388294333e-07,3.499849678262551347e-06
1.571132269004366719e+02,3.142262575224236798e+02,1.530294906368176336e-04,1.109463736305343505e-03,4.962610000785900866e-01,9.925266757568351750e-01,4.827352694265069077e-07,3.499930457931095876e-06
1.576094879005152620e+02,3.152187841981805150e+02,1.535122259062441405e-04,1.112963666763274601e-03,4.962462197215700144e-01,9.925030523814371008e-01,4.827466759552503667e-07,3.499918208239166661e-06
1.581057341202368320e+02,3.162112872505619521e+02,1.539949725821993908e-04,1.116463584971513767e-03,4.962619598060484805e-01,9.925099509305255197e-01,4.827464429110349311e-07,3.499812931153940126e-06
1.586019960800428805e+02,3.172037972014924776e+02,1.544777190251104258e-04,1.119963397902667707e-03,4.962624369070738339e-01,9.925474601660084772e-01,4.827345700942589808e-07,3.499893710103008093e-06
1.590982585169499544e+02,3.181963446616584861e+02,1.549604535952046848e-04,1.123463291612770715e-03,4.962781788661629889e-01,9.925238363612152170e-01,4.827459770508557221e-07,3.499881460668034794e-06
1.595945366958161173e+02,3.191888684980197013e+02,1.554431995722555405e-04,1.126963173073438750e-03,4.962633966645455530e-01,9.925307642768643746e-01,4.827457437852733079e-07,3.499869211762585836e-06
1.600908000924806629e+02,3.201813992622965657e+02,1.559259453160408138e-04,1.130463042285201336e-03,4.962791367917702701e-01,9.925682741838954826e-01,4.827455107419252340e-07,3.499949989341005416e-06
1.605870792292724332e+02,3.211739675364804611e+02,1.564086908267827390e-04,1.133962992274542341e-03,4.962796138831038206e-01,9.925446201977479177e-01,4.827336379485409456e-07,3.499844713439293972e-06
1.610833588431555370e+02,3.221665121566782091e+02,1.568914244647312800e-04,1.137462836987981635e-03,4.962953559081029198e-01,9.925821304297528513e-01,4.827450448835620637e-07,3.499925490538279352e-06
1.615796541990636399e+02,3.231590942871079619e+02,1.573741695096148420e-04,1.140962762478519915e-03,4.962805736903419529e-01,9.925584759731691520e-01,4.827448116188741162e-07,3.499820215459260517e-06
1.620759347727539819e+02,3.241516527630811311e+02,1.578569143212337161e-04,1.144462582693979175e-03,4.962963138603981861e-01,9.925959865300910678e-01,4.827445785764476142e-07,3.499900992078378015e-06
1.625722310866143800e+02,3.251442487496112221e+02,1.583396588998101638e-04,1.147962483686057553e-03,4.962967928397574724e-01,9.926029146251948987e-01,4.827443455342108475e-07,3.499888743036102742e-06
1.630685278794541375e+02,3.261368516642364170e+02,1.588224032453443746e-04,1.151462372429093656e-03,4.962972718187188548e-01,9.925792898590088953e-01,4.827441124922451313e-07,3.499876493636040753e-06
1.635648251512728564e+02,3.271294309540954259e+02,1.593051473578366197e-04,1.154962248922729697e-03,4.962977507974528635e-01,9.926168010873652747e-01,4.827438796724595454e-07,3.499957268884509864e-06
1.640611229020703092e+02,3.281220477551827912e+02,1.597878912375090793e-04,1.158462206191614207e-03,4.963134890951721445e-01,9.926236986774483739e-01,4.827320066979863891e-07,3.499851995432661650e-06
1.645574363911654814e+02,3.291146714538602396e+02,1.602706232442070657e-04,1.161962058187046868e-03,4.963139699971748087e-01,9.926000734816966542e-01,4.827434133732326667e-07,3.499839746289772416e-06
1.650537503611626562e+02,3.301072715273419362e+02,1.607533666575802983e-04,1.165461897933336641e-03,4.963144489895228162e-01,9.926375851973716635e-01,4.827431803321343123e-07,3.499920520818764966e-06
1.655500648101521790e+02,3.310999091125393079e+02,1.612361098379124327e-04,1.168961818454155406e-03,4.963149279815297632e-01,9.926445132583694431e-01,4.827429475132702982e-07,3.499908271639663379e-06
1.660463797381337088e+02,3.320925536257976773e+02,1.617188527854257029e-04,1.172461726725795069e-03,4.963306682372206069e-01,9.926514412829305911e-01,4.827427142506423349e-07,3.499896022324819680e-06
1.665427104063709294e+02,3.330852050670806079e+02,1.622015954996763453e-04,1.175961622748119889e-03,4.963311472432678784e-01,9.926583692711119511e-01,4.827424812102216068e-07,3.499883772873583349e-06
1.670390415536141973e+02,3.340778634363517199e+02,1.626843379808865669e-04,1.179461506520993472e-03,4.963316262489172459e-01,9.926347435436468913e-01,4.827422481700177192e-07,3.499871523951871358e-06
1.675353731798631145e+02,3.350704981798953668e+02,1.631670802290565846e-04,1.182961378044945343e-03,4.963321072097812703e-01,9.926722250314696794e-01,4.827536548016790694e-07,3.499859274672155809e-06
1.680317052870728958e+02,3.360631704049268365e+02,1.636498338838582637e-04,1.186461237319617499e-03,4.963478455585459415e-01,9.926791842268016808e-01,4.827417820846768241e-07,3.499940047333068016e-06
1.685280531326314417e+02,3.370558495891536381e+02,1.641325756659429405e-04,1.189961177366950567e-03,4.963330632770350803e-01,9.926860808453170648e-01,4.827415492671951677e-07,3.499834776709903270e-06
1.690243861959084768e+02,3.380485356699989552e+02,1.646153172152101357e-04,1.193461012143660471e-03,4.963488035895693429e-01,9.926930401519484803e-01,4.827413160058953521e-07,3.499915548669336671e-06
1.695207349994980461e+02,3.390412287101509037e+02,1.650980585312160310e-04,1.196960927692329807e-03,4.963492826082358533e-01,9.926999681059101022e-01,4.827410829668298767e-07,3.499903299303318630e-06
1.700170842821062820e+02,3.400339286782568138e+02,1.655807996141828609e-04,1.200460830991633126e-03,4.963650229495897293e-01,9.927068960236056228e-01,4.827408499279812418e-07,3.499891050022952560e-06
1.705134493050558717e+02,3.410266355742804194e+02,1.660635404641108421e-04,1.203960722041656078e-03,4.963502406519069154e-01,9.927443783317926318e-01,4.827406168893765524e-07,3.499878800828672143e-06
1.710097995457077786e+02,3.420193799526122120e+02,1.665462810810002187e-04,1.207460600842484751e-03,4.963659830032156606e-01,9.927207518565523969e-01,4.827520234832534569e-07,3.499866551719610017e-06
1.715061655287109943e+02,3.430121007044687644e+02,1.670290331044834722e-04,1.210960467394204361e-03,4.963664600451807019e-01,9.927276796651653967e-01,4.827401510291973435e-07,3.499854302696850383e-06
1.720025319887561750e+02,3.440048283841339298e+02,1.675117732555126695e-04,1.214460321696901211e-03,4.963822004291671419e-01,9.927346394896403581e-01,4.827399177692527805e-07,3.499935072565941996e-06
1.724989141891853421e+02,3.449975630236235702e+02,1.679945131732819223e-04,1.217960256769467153e-03,4.963674181155113274e-01,9.927415352652246838e-01,4.827396847315425579e-07,3.499829804582375858e-06
1.729952816073008535e+02,3.459903045588887949e+02,1.684772528580134648e-04,1.221460086574049529e-03,4.963831605326447516e-01,9.927790501619710994e-01,4.827510913038438392e-07,3.499910574193861035e-06
1.734916647678334982e+02,3.469830836090507660e+02,1.689600039493173087e-04,1.224959997148243390e-03,4.963836375647758814e-01,9.927554231548469943e-01,4.827392186511618877e-07,3.499898324640709699e-06
1.739880484053982741e+02,3.479758390322056130e+02,1.694427431679684706e-04,1.228459895472884100e-03,4.963841166097893165e-01,9.927623509657337308e-01,4.827389856141292915e-07,3.499886075617299544e-06
1.744844325220080634e+02,3.489686013831713467e+02,1.699254821535825999e-04,1.231959781548501399e-03,4.963845976908203284e-01,9.927998340214685413e-01,4.827503921702488553e-07,3.499873826235668992e-06
1.749808171196988837e+02,3.499614012171928152e+02,1.704082325457528487e-04,1.235459655374737068e-03,4.964003361012601090e-01,9.927762065849492501e-01,4.827385197571213739e-07,3.499861577161735016e-06
1.754772174558001439e+02,3.509541774237777645e+02,1.708909710655099701e-04,1.238959516951898803e-03,4.964008151599443863e-01,9.927831669829174643e-01,4.827382864987217991e-07,3.499942344922920764e-06
1.759736182709600882e+02,3.519469605907606820e+02,1.713737093520086919e-04,1.242459459296821724e-03,4.964012962719550615e-01,9.928206176458047594e-01,4.827496930386596455e-07,3.499837079167390091e-06
1.764700195672320433e+02,3.529397812084064867e+02,1.718564590450473515e-04,1.245959296375989114e-03,4.964170347008689532e-01,9.927970226599427406e-01,4.827378204210787394e-07,3.499917846005486111e-06
1.769664366019329123e+02,3.539325782310664295e+02,1.723391968654684303e-04,1.249459214221994600e-03,4.964022544123167791e-01,9.928345062520520514e-01,4.827492269502016691e-07,3.499905596845032801e-06
1.774628388563452290e+02,3.549254127373184815e+02,1.728219460924186319e-04,1.252959119818839633e-03,4.964179928437033595e-01,9.928108782835920465e-01,4.827373543442759363e-07,3.499893347548620540e-06
1.779592568491889324e+02,3.559182236156020736e+02,1.733046834467629079e-04,1.256459013166388253e-03,4.964184739922359313e-01,9.928483620166161927e-01,4.827487608626652646e-07,3.499881098338293930e-06
1.784556753231811683e+02,3.569110719776186897e+02,1.737874322076255731e-04,1.259958894264726547e-03,4.964189509925347465e-01,9.928552898977045515e-01,4.827368882683947052e-07,3.499868849213402452e-06
1.789520942741737031e+02,3.579039272675163943e+02,1.742701690958939678e-04,1.263458763113939950e-03,4.964346936075116901e-01,9.928316614997356737e-01,4.827482947759962218e-07,3.499856599952335182e-06
1.794485289677812148e+02,3.588967589290161300e+02,1.747529173906699641e-04,1.266958619713892285e-03,4.964199091474199577e-01,9.928691788764467674e-01,4.827364224154254407e-07,3.499937365366006387e-06
1.799449488769286347e+02,3.598896281078925767e+02,1.752356538130853895e-04,1.270458557079258291e-03,4.964356517878627528e-01,9.928760733080252976e-01,4.827478286902216458e-07,3.499832101805985113e-06
1.804413845287164975e+02,3.608825041812006020e+02,1.757184016417756111e-04,1.273958389181064276e-03,4.964361287784981869e-01,9.928524780971201835e-01,4.827359561193427483e-07,3.499912866739788436e-06
1.809378206574949957e+02,3.618753566592977222e+02,1.762011375978949539e-04,1.277458302047804065e-03,4.964518714593282311e-01,9.928899624365499221e-01,4.827473626053686417e-07,3.499900617170807748e-06
1.814342725289543239e+02,3.628682466217342721e+02,1.766838849605003225e-04,1.280958202664974873e-03,4.964523505696263328e-01,9.928968902835322297e-01,4.827471295604484746e-07,3.499888367909306797e-06
1.819307248795239502e+02,3.638611435120178044e+02,1.771666320900607710e-04,1.284458091032884179e-03,4.964375660568407511e-01,9.929038180941347491e-01,4.827352570071336522e-07,3.499876118733674657e-06
1.824271624455807910e+02,3.648540473301119391e+02,1.776493673470679047e-04,1.287957967151617854e-03,4.964533087760401031e-01,9.929107458683006371e-01,4.827466634769236181e-07,3.499863869643694489e-06
1.829236157543568311e+02,3.658469580759802398e+02,1.781321140105448283e-04,1.291457831021261549e-03,4.964690493997920839e-01,9.928871165092800766e-01,4.827464304327081825e-07,3.499851620861194057e-06
1.834200848037566232e+02,3.668398451924895198e+02,1.786148604409775365e-04,1.294957682642122743e-03,4.964542648612564335e-01,9.929246353691496552e-01,4.827345578969303302e-07,3.499932383040039660e-06
1.839165390686178796e+02,3.678327698278586695e+02,1.790975949988744668e-04,1.298457615025162782e-03,4.975138813542514526e-01,9.929556455857664332e-01,-1.636286493555423995e-06,6.634760731693938041e-06
1.844140529499721310e+02,3.688257254734444359e+02,1.774613085053190428e-04,1.305092375756856720e-03,4.965192482500242477e-01,9.937574128124424533e-01,-3.375264733585219695e-06,9.183750276692400835e-06
1.849105721982221553e+02,3.698194828862568784e+02,1.740860437717338231e-04,1.314276126033549121e-03,4.962462886861374045e-01,9.938295279006297278e-01,-3.430075105390371437e-06,9.246912110087192327e-06
1.854068184869082927e+02,3.708133124141575081e+02,1.706559686663434517e-04,1.323523038143636314e-03,4.968294989879211698e-01,9.936537038643677988e-01,-3.476202910287942531e-06,9.300213320076727158e-06
1.859036479858962139e+02,3.718069661180218759e+02,1.671797657560555091e-04,1.332823251463713041e-03,4.968313082704582939e-01,9.936645683280289632e-01,-3.529827115596824352e-06,9.362069717557420373e-06
1.864004792941666722e+02,3.728006306863499049e+02,1.636499386404586848e-04,1.342185321181270461e-03,4.968328393345871064e-01,9.936454725825001333e-01,-3.584511098633276103e-06,9.425040454764943565e-06
1.868973121335012593e+02,3.737942761589324050e+02,1.600654275418254087e-04,1.351610361636035405e-03,4.968493468761892018e-01,9.936880971916934868e-01,-3.640278163178077868e-06,9.489125477455144161e-06
1.873941614803774485e+02,3.747879642561240985e+02,1.564251493786473308e-04,1.361099487113490549e-03,4.968502975192734539e-01,9.937008753351506130e-01,-3.697174892515145027e-06,9.554603745377636403e-06
1.878910117778967219e+02,3.757816651314592491e+02,1.527279744861321858e-04,1.370654090858868185e-03,4.968509437144916774e-01,9.937142660446625086e-01,-3.755236232902062340e-06,9.621196180997250436e-06
1.883878627216112136e+02,3.767753793975039116e+02,1.489727382532301234e-04,1.380275287039865436e-03,4.968818029435908556e-01,9.937283789487878494e-01,-3.814473851250109113e-06,9.689181737554484336e-06
1.888847445245548045e+02,3.777691077764526995e+02,1.451582644019800143e-04,1.389964468777419920e-03,4.968665522292496917e-01,9.937432195183077965e-01,-3.874969255414817577e-06,9.758560346454468737e-06
1.893816110767840541e+02,3.787628509959710073e+02,1.412832951465651968e-04,1.399723029123874389e-03,4.968814964005332513e-01,9.937587579562432438e-01,-3.936710835515352166e-06,9.829238938712609938e-06
1.898784925731845874e+02,3.797566097539272505e+02,1.373465843110498446e-04,1.409552268062586999e-03,4.968960953259795588e-01,9.937750700843253071e-01,-3.999780102623639276e-06,9.901403448061077417e-06
1.903753886685105670e+02,3.807503848240115758e+02,1.333468042084262053e-04,1.419453671510648076e-03,4.968950811407069068e-01,9.937921617376446193e-01,-4.064200369664538797e-06,9.975053800863028022e-06
1.908722837496512739e+02,3.817441769857492204e+02,1.292826038387616665e-04,1.429428725311511104e-03,4.969089638775869844e-01,9.938100387491317633e-01,-4.130018230907454889e-06,1.005018992106970245e-05
1.913691927135288608e+02,3.827379870244983522e+02,1.251525856078542116e-04,1.439478915232580807e-03,4.969072102842062577e-01,9.937982164033201116e-01,-4.197280282922644904e-06,1.012699772738059022e-05
1.918660999238130671e+02,3.837317852409016723e+02,1.209553053249315667e-04,1.449605912959961397e-03,4.969203254323417696e-01,9.938483506755915187e-01,-4.266056404639818563e-06,1.020538413783406498e-05
1.923630202492454089e+02,3.847256335915772638e+02,1.166892489202917482e-04,1.459811297097795462e-03,4.969330432813308107e-01,9.938382363083633209e-01,-4.336358275697528293e-06,1.028544206577489649e-05
1.928599532925267397e+02,3.857194718278856271e+02,1.123528906445942199e-04,1.470096739163570358e-03,4.969300845833970470e-01,9.938902001965743693e-01,-4.408267419630035257e-06,1.036735741154095995e-05
1.933568833771101367e+02,3.867133620280822015e+02,1.079446232249641846e-04,1.480464096575111318e-03,4.969419603572475808e-01,9.938819278580695027e-01,-4.481818800061322249e-06,1.045094409182940887e-05
1.938538253374673843e+02,3.877072439559402710e+02,1.034628044249028624e-04,1.490915040666940727e-03,4.969533886444992277e-01,9.938746222748022774e-01,-4.557105586704327904e-06,1.053638800091699461e-05
1.943507787261118835e+02,3.887011185782150733e+02,9.890569883819853446e-05,1.501451428667857722e-03,4.969643625648529905e-01,9.939295267162151504e-01,-4.634145287649664826e-06,1.062396801368697269e-05
1.948477430886767365e+02,3.896950481049312884e+02,9.427155355054886963e-05,1.512075396681544694e-03,4.969595991218795916e-01,9.939242508649499541e-01,-4.713036897347679002e-06,1.071331205395524393e-05
1.953447026877986161e+02,3.906889723557962384e+02,8.955851665320119063e-05,1.522788708735499938e-03,4.969848660248885608e-01,9.939506739908097188e-01,-4.793827031443240552e-06,1.080488497079922471e-05
1.958416875538235047e+02,3.916829230297870481e+02,8.476468962175795008e-05,1.533593593706299163e-03,4.969791039927713427e-01,9.939476402705054170e-01,-4.876591409256567653e-06,1.089859365396980348e-05
1.963386666578162760e+02,3.926768706700575535e+02,7.988809821250138243e-05,1.544492187360268966e-03,4.970033345020681281e-01,9.939762868361867731e-01,-4.961405754203181140e-06,1.099443798479129465e-05
1.968356699923183442e+02,3.936708469568937403e+02,7.492669245829820129e-05,1.555486625345060261e-03,4.969964973340950110e-01,9.940061679369591729e-01,-5.048351612644947869e-06,1.109269680127432205e-05
1.973326664896524392e+02,3.946648531248306995e+02,6.987834084565325342e-05,1.566579322146334583e-03,4.970043543476947434e-01,9.940066905839444189e-01,-5.137498895084208900e-06,1.119327698237936042e-05
1.978296708440001339e+02,3.956588598154146439e+02,6.474084195056904452e-05,1.577772599128713944e-03,4.970116214973359092e-01,9.940085022226412548e-01,-5.228946617158321513e-06,1.129636436324014948e-05
1.983266824654974698e+02,3.966528683176372851e+02,5.951189533341072301e-05,1.589068963491954093e-03,4.970335387417890161e-01,9.940422160017305941e-01,-5.322770517455809372e-06,1.140205178169046395e-05
1.988237160042392588e+02,3.976469105336390157e+02,5.418912481595491363e-05,1.600471015273644557e-03,4.970395616163045815e-01,9.940772767305929847e-01,-5.419072530960590854e-06,1.151033908698890530e-05
1.993207555658555634e+02,3.986409878103696087e+02,4.877005228499432278e-05,1.611981354360633462e-03,4.970296639623938972e-01,9.940527829384109282e-01,-5.517960418372707765e-06,1.162178401121886397e-05
1.998177852298179573e+02,3.996350405933080197e+02,4.325209186662161502e-05,1.623603138371852326e-03,4.970495997881698713e-01,9.940907165650969546e-01,-5.619530304253019719e-06,1.173564253057466679e-05
2.003148348296061272e+02,4.006291313098731166e+02,3.763256156236859530e-05,1.635338780902426993e-03,4.970688222643389054e-01,9.941303270350658750e-01,-5.723892871063447456e-06,1.185284428264522794e-05
2.008119036518704661e+02,4.016232616369081825e+02,3.190866869130514784e-05,1.647191625185072221e-03,4.970720419850636063e-01,9.941103415432621659e-01,-5.831170446969881430e-06,1.197301715751583444e-05
2.013089756938555297e+02,4.026173719784514446e+02,2.607749824433526641e-05,1.659164642342588055e-03,4.970744878830259950e-01,9.941532678855651284e-01,-5.941485367612014083e-06,1.209671883007886264e-05
2.018060501817385557e+02,4.036115252463370098e+02,2.013601287672325233e-05,1.671261361172666918e-03,4.970761279571718205e-01,9.941672657487856668e-01,-6.054965796318060513e-06,1.222357718260423665e-05
2.023031263096957275e+02,4.046056925120857954e+02,1.408104708040519181e-05,1.683484938355271155e-03,4.971074444581233820e-01,9.941830659076345000e-01,-6.171755910390582434e-06,1.235396391061419075e-05
2.028002337541538509e+02,4.055998755779934299e+02,7.909291170014609381e-06,1.695838902265885345e-03,4.970921068030804690e-01,9.942009085887093534e-01,-6.291998985814539160e-06,1.248843662921277249e-05
2.032973258609569314e+02,4.065940764865821393e+02,1.617292184200070009e-06,1.708327338895098118e-03,4.971216296275144941e-01,9.942206584603354713e-01,-6.415851585863726147e-06,1.262662319266192809e-05
2.037944474905844459e+02,4.075882971450424748e+02,-4.798559401663655926e-06,1.720953962087760046e-03,4.971196776012902774e-01,9.942118353951059362e-01,-6.543479378415117778e-06,1.276870929889806910e-05
2.042915671681857361e+02,4.085825089804375807e+02,-1.134203878007877370e-05,1.733722671386658115e-03,4.971319835669021359e-01,9.942663177508279659e-01,-6.675057863505363555e-06,1.291506656794067474e-05
2.047886991517526383e+02,4.095767752981884087e+02,-1.801709664358413726e-05,1.746637737954598790e-03,4.971432427121840192e-01,9.942620688864849399e-01,-6.810772557389799855e-06,1.306625252742621597e-05
2.052858423944648223e+02,4.105710373670748936e+02,-2.482786920097393711e-05,1.759703990482025006e-03,4.971534056896871334e-01,9.942905903678251889e-01,-6.950822994507388605e-06,1.322170905340507539e-05
2.057829958001545094e+02,4.115653279574427188e+02,-3.177869219548132572e-05,1.772925699535430081e-03,4.971471625028698327e-01,9.942910625846366202e-01,-7.095418180872565227e-06,1.338217957741949168e-05
2.062801429626573793e+02,4.125596190200273554e+02,-3.887411037635389095e-05,1.786307879112849573e-03,4.971702314606716300e-01,9.943552209950894394e-01,-7.244786782757021493e-06,1.354766375546924591e-05
2.067773131941180509e+02,4.135539742410224449e+02,-4.611889715911091244e-05,1.799855542868318819e-03,4.971767792837624711e-01,9.943304546941362787e-01,-7.399164757353777903e-06,1.371871901546589320e-05
2.072744899734018134e+02,4.145483046957165811e+02,-5.351806191646469034e-05,1.813574261883784712e-03,4.971972588330970666e-01,9.943696471336238574e-01,-7.558808452293111632e-06,1.389534496605495002e-05
2.077716872322349104e+02,4.155426743428502050e+02,-6.107687036875780197e-05,1.827469606849839662e-03,4.972010859693796192e-01,9.943812567125860369e-01,-7.723994607063491575e-06,1.407791304992899242e-05
2.082688883182042900e+02,4.165370555995627910e+02,-6.880086497582129355e-05,1.841547519899768654e-03,4.972034486764584926e-01,9.943959565924274102e-01,-7.895005801517853902e-06,1.426660875251516830e-05
2.087660917668807485e+02,4.175314515561552184e+02,-7.669587077733914745e-05,1.855814128652283823e-03,4.972195232807621323e-01,9.944445006499336159e-01,-8.072174117388326918e-06,1.446180345285449573e-05
2.092633112901615107e+02,4.185258960568051521e+02,-8.476804489472747437e-05,1.870275932105138319e-03,4.972339723462653183e-01,9.944355020961666014e-01,-8.255820017023394932e-06,1.466424031835501275e-05
2.097605452625077760e+02,4.195203315589013187e+02,-9.302386491175086930e-05,1.884940172423493331e-03,4.972314496755814162e-01,9.944606342132260579e-01,-8.446304737491351590e-06,1.487373289221619911e-05
2.102577767121833574e+02,4.205147921931145447e+02,-1.014701696492422209e-04,1.899813905315709530e-03,4.972576311199929933e-01,9.944897413425906052e-01,-8.644018650382271317e-06,1.509121016697763384e-05
2.107550343433033504e+02,4.215092819344571353e+02,-1.101141882996244922e-04,1.914905115482687164e-03,4.972513821253130573e-01,9.944921997262099467e-01,-8.849392907619277782e-06,1.531648561651490978e-05
2.112522857254286635e+02,4.225037741341833453e+02,-1.189635812072437700e-04,1.930221601099202074e-03,4.972736256682424028e-01,9.945295846393378270e-01,-9.062852874337833185e-06,1.555048812573039951e-05
2.117495593510969059e+02,4.234983037188226831e+02,-1.280264340815816032e-04,1.945772089224932474e-03,4.972784704339119344e-01,9.945715907984435944e-01,-9.284887988341686185e-06,1.579377469051426904e-05
2.122468378215308178e+02,4.244928753096211267e+02,-1.373113220699232894e-04,1.961565863915446743e-03,4.972962963368559031e-01,9.945571774435961743e-01,-9.516045944390702244e-06,1.604653044655433153e-05
2.127441341178676737e+02,4.254874324870647229e+02,-1.468273680143139916e-04,1.977612394362001074e-03,4.973117137390943299e-01,9.945785083553460026e-01,-9.756862840398853850e-06,1.630968406684781338e-05
2.132414458316067680e+02,4.264820109954200689e+02,-1.565842308547128455e-04,1.993922078428848887e-03,4.973093099718539634e-01,9.946358638520109707e-01,-1.000797961323780555e-05,1.658379234096511029e-05
2.137387551415786220e+02,4.274766468592720798e+02,-1.665922104679506510e-04,2.010505870769813998e-03,4.973346958902880033e-01,9.946377886888058129e-01,-1.027003725695226533e-05,1.686941198467649394e-05
2.142360898374689100e+02,4.284712846479608856e+02,-1.768622477249029163e-04,2.027375282754490492e-03,4.973266643428075895e-01,9.946458817477150660e-01,-1.054378161879985891e-05,1.716747140243337147e-05
2.147334165018117176e+02,4.294659305297086007e+02,-1.874060293437027752e-04,2.044542754156923863e-03,4.973613063749837693e-01,9.946910912132125304e-01,-1.082998190377087088e-05,1.747871300375415313e-05
2.152307778081867013e+02,4.304606216209218132e+02,-1.982360112474736461e-04,2.062021467160678016e-03,4.973621308850511014e-01,9.947126284308183131e-01,-1.112950054341809618e-05,1.780387909394330267e-05
2.157281399390717525e+02,4.314553342493526316e+02,-2.093655117908917423e-04,2.079825346254621319e-03,4.973746669865022341e-01,9.947416883490518558e-01,-1.144331649672553444e-05,1.814426949136183770e-05
2.162255146060582547e+02,4.324500759377016834e+02,-2.208088282876172767e-04,2.097969615745983157e-03,4.973834152303879819e-01,9.947481498172123793e-01,-1.177242046487879737e-05,1.850081210676493559e-05
2.167228980212886427e+02,4.334448240875188958e+02,-2.325812487524960741e-04,2.116470427852748092e-03,4.974033618690043568e-01,9.947937220954941040e-01,-1.211790805465329983e-05,1.887462057709090452e-05
2.172203013831576470e+02,4.344396178096143899e+02,-2.446991568071493739e-04,2.135345048429838997e-03,4.974189289749517684e-01,9.947872089302904897e-01,-1.248110788260145716e-05,1.926680837346754493e-05
2.177177203121325988e+02,4.354344050185446804e+02,-2.571802646897508311e-04,2.154611856803306542e-03,4.974298060928106224e-01,9.948519027756788091e-01,-1.286327884117530358e-05,1.967941809071296899e-05
2.182151501182254094e+02,4.364292569213203592e+02,-2.700435435309261347e-04,2.174291274894019511e-03,4.974356031374895792e-01,9.948659549082208287e-01,-1.326602931697284504e-05,2.011337690699605343e-05
2.187125857213628990e+02,4.374241228762285800e+02,-2.833095728478989797e-04,2.194404651801015564e-03,4.974511853020544550e-01,9.948608411411328234e-01,-1.369094459050950200e-05,2.057054108132571474e-05
2.192100369066649534e+02,4.384189837173697128e+02,-2.970005174384084817e-04,2.214975192882341279e-03,4.974760920825644916e-01,9.949293022893925809e-01,-1.413991291380269381e-05,2.105295242993063254e-05
2.197075129987475179e+02,4.394139130196591054e+02,-3.111404303522111755e-04,2.236028145312271911e-03,4.974793196802522743e-01,9.949500750713013986e-01,-1.461496251703518334e-05,2.156283828519704390e-05
2.202049923184277702e+02,4.404088630947304068e+02,-3.257553928692463589e-04,2.257590983597468955e-03,4.975060675914733110e-01,9.949547476654743150e-01,-1.511840138644204162e-05,2.210223976739211088e-05
2.207024983860192435e+02,4.414038178423958811e+02,-3.408737942556884005e-04,2.279693223364861066e-03,4.975099697538212240e-01,9.950058371185832584e-01,-1.565270085566723528e-05,2.267394096617473404e-05
2.212000083557730647e+02,4.423988236795144644e+02,-3.565264951113556358e-04,2.302367164331035800e-03,4.975208092016032424e-01,9.950436909917357298e-01,-1.622084502433962256e-05,2.328109714715923678e-05
2.216975291649746680e+02,4.433938673705062001e+02,-3.727473401356952583e-04,2.325648261478195037e-03,4.975530853174632284e-01,9.950695963009366096e-01,-1.682591158012924134e-05,2.392630552614915390e-05
2.221950822502921312e+02,4.443889369668071367e+02,-3.895732517158244997e-04,2.349574567004344191e-03,4.975601377634291111e-01,9.950857605098804015e-01,-1.747160757705677704e-05,2.461420682873692242e-05
2.226926423880555603e+02,4.453840227273170171e+02,-4.070448592928812767e-04,2.374188773833081113e-03,4.975867624606848949e-01,9.951245074822168135e-01,-1.816187356477763463e-05,2.534832602987986683e-05
2.231902291505162452e+02,4.463791472347992340e+02,-4.252067328576589113e-04,2.399537099862960980e-03,4.975860308473727400e-01,9.951576618616400083e-01,-1.890153588484104648e-05,2.613367384829770601e-05
2.236878151813636180e+02,4.473743048966608740e+02,-4.441082687424999578e-04,2.425670773711258686e-03,4.976177264442753767e-01,9.952183360957747027e-01,-1.969560802268978004e-05,2.697544578406313801e-05
2.241854329078078933e+02,4.483695232327566487e+02,-4.638038767651897379e-04,2.452646219495321824e-03,4.976345973661011612e-01,9.952177147210932162e-01,-2.055024577832530218e-05,2.787976521210957376e-05
2.246830675051739945e+02,4.493647409474777419e+02,-4.843541225435150401e-04,2.480525984707431398e-03,4.976654888068594573e-01,9.952816581549086550e-01,-2.147225831429868965e-05,2.885386892011610610e-05
2.251807329939808540e+02,4.503600226056326505e+02,-5.058263808578137297e-04,2.509379853627547504e-03,2.714030253761734457e-01,5.428565971714647276e-01,-1.205715808950730186e-05,1.610760122008761744e-05
