Sigma_1,Sigma_2,Epsilon_1,Epsilon_2,dSigma_1,dSigma_2,dEpsilon_1,dEpsilon_2
-0.000000000000000000e+00,-0.000000000000000000e+00,0.000000000000000000e+00,0.000000000000000000e+00,5.340282135446564382e+00,8.010268881322589962e+00,9.765000484307927135e-06,2.603862527105056015e-05
5.340282135446564382e+00,8.010268881322589962e+00,9.765000484307927135e-06,2.603862527105056015e-05,5.340482743968093970e+00,8.010878682898914249e+00,9.764142624626967717e-06,2.603908808935188264e-05
1.068076487941465835e+01,1.602114756422150421e+01,1.952914310893489485e-05,5.207771336040244278e-05,5.340956121020726144e+00,8.011434130317990565e+00,9.764571140457139862e-06,2.603885823714341863e-05
1.602172100043538450e+01,2.403258169453949478e+01,2.929371424939203471e-05,7.811657159754586141e-05,5.341337950301006998e+00,8.012007711987827463e+00,9.764571833516729344e-06,2.603885537089253507e-05
2.136305895073639149e+01,3.204458940652732224e+01,3.905828608290876406e-05,1.041554269684383965e-04,5.341720741365101333e+00,8.012581306038839557e+00,9.764569615428470841e-06,2.603885830779686266e-05
2.670477969210149283e+01,4.005717071256616180e+01,4.882285569833723490e-05,1.301942852762352592e-04,5.342103540644384196e+00,8.013154912097455451e+00,9.764570306420263164e-06,2.603885540638359503e-05
3.204688323274587702e+01,4.807032562466361725e+01,5.858742600475749806e-05,1.562331406826188542e-04,5.342486348309812172e+00,8.013728530955717133e+00,9.764576816962287280e-06,2.603886412744154202e-05
3.738936958105568920e+01,5.608405415561933438e+01,6.835200282171978534e-05,1.822720048100603962e-04,5.342869163615311834e+00,8.014302160748208337e+00,9.764568775826076071e-06,2.603884955186045705e-05
4.273223874467100103e+01,6.409835631636754272e+01,7.811657159754586141e-05,2.083108543619208533e-04,5.343248172476471325e+00,8.014875804085079380e+00,9.764572374103920377e-06,2.603885823723920789e-05
4.807548691714747235e+01,7.211323212045262210e+01,8.788114397164978179e-05,2.343497125991600611e-04,5.343634819269610148e+00,8.015445643223955585e+00,9.764570151236427547e-06,2.603885526573953397e-05
5.341912173641708250e+01,8.012867776367657768e+01,9.764571412288620934e-05,2.603885678648995951e-04,5.344017659531324682e+00,8.016023125789331516e+00,9.764573747777149579e-06,2.603885227703983283e-05
5.876313939594840718e+01,8.814470088946590920e+01,1.074102878706633589e-04,2.864274201419394279e-04,5.344400507261987343e+00,8.016600623034307205e+00,9.764565703068952998e-06,2.603887254635443415e-05
6.410753990321039453e+01,9.616130151250021640e+01,1.171748535737323119e-04,3.124662926882938621e-04,5.344779549052134371e+00,8.017170496455136686e+00,9.764575117924770157e-06,2.603884624655133278e-05
6.945231945226252890e+01,1.041784720089553531e+02,1.269394286916570821e-04,3.385051389348451949e-04,5.345166228605862102e+00,8.017748018558194190e+00,9.764572891366531159e-06,2.603886647981648291e-05
7.479748568086839100e+01,1.121962200275135473e+02,1.367040015830236132e-04,3.645440054146616778e-04,5.345545285881058817e+00,8.018317915692875886e+00,9.764570663942502516e-06,2.603884014616892652e-05
8.014303096674944982e+01,1.202145379432064232e+02,1.464685722469661157e-04,3.905828455608306043e-04,5.345924351166246424e+00,8.018887830078639922e+00,9.764568435652738439e-06,2.603886034361203687e-05
8.548895531791569624e+01,1.282334257732850631e+02,1.562331406826188542e-04,4.166217059044426412e-04,5.346311056179487764e+00,8.019473022410437579e+00,9.764577846363474509e-06,2.603888052204518001e-05
9.083526637409518401e+01,1.362528987956955007e+02,1.659977185289823287e-04,4.426605864264878212e-04,5.346697767374180899e+00,8.020027689742448729e+00,9.764563976806306172e-06,2.603885413654007108e-05
9.618196414146936490e+01,1.442729264854379494e+02,1.757622825057886349e-04,4.686994405630278923e-04,5.347076858168605895e+00,8.020612899841864873e+00,9.764573385114396018e-06,2.603882773544180388e-05
1.015290409996379708e+02,1.522935393852798143e+02,1.855268558909030309e-04,4.947382682984696961e-04,5.347463586800401458e+00,8.021198137330657119e+00,9.764571153356486032e-06,2.603889440287558438e-05
1.068765045864383723e+02,1.603147375226104714e+02,1.952914270442595169e-04,5.207771627013452805e-04,5.347842692706549883e+00,8.021752831773625303e+00,9.764568920733003241e-06,2.603882142534087035e-05
1.122243472791449221e+02,1.683364903543840967e+02,2.050559959649925202e-04,5.468159841266861509e-04,5.348221806622490249e+00,8.022338094856877433e+00,9.764566686799912645e-06,2.603888805410175568e-05
1.175725690857674124e+02,1.763588284492409741e+02,2.148205626517924328e-04,5.728548721807879066e-04,5.348608562517014775e+00,8.022908087570442603e+00,9.764587730369929603e-06,2.603886158337271814e-05
1.229211776482844272e+02,1.843817365368114167e+02,2.245851503821623624e-04,5.988937337641606247e-04,5.348987689865353445e+00,8.023478091564413717e+00,9.764562216997698741e-06,2.603883509750084570e-05
1.282701653381497806e+02,1.924052146283758304e+02,2.343497125991600611e-04,6.249325688616614704e-04,5.349374462326267121e+00,8.024063384881230832e+00,9.764583257938064644e-06,2.603885513138110789e-05
1.336195398004760477e+02,2.004292780132570613e+02,2.441142958570981258e-04,6.509714239930425783e-04,5.349753605594315786e+00,8.024633422667960758e+00,9.764557743511420064e-06,2.603887514648569896e-05
1.389692934060703635e+02,2.084539114359250220e+02,2.538788536006095459e-04,6.770102991395282772e-04,5.350148026027540027e+00,8.025203462784787689e+00,9.764578782266197018e-06,2.603884860857158014e-05
1.443194414320979035e+02,2.164791148987098097e+02,2.636434323828757429e-04,7.030491477480998574e-04,5.350527188847053139e+00,8.025773524618983856e+00,9.764576543129478096e-06,2.603886858744365249e-05
1.496699686209449567e+02,2.245048884233287936e+02,2.734080089260052210e-04,7.290880163355435099e-04,5.350906356068946934e+00,8.026358858348288550e+00,9.764551026566331820e-06,2.603884201616689809e-05
1.550208749770139036e+02,2.325312472816770821e+02,2.831725599525715528e-04,7.551268583517104080e-04,5.351285538390612828e+00,8.026928945022262951e+00,9.764572062043077715e-06,2.603886195903391734e-05
1.603721605154045164e+02,2.405581762266993451e+02,2.929371320146146305e-04,7.811657203107443253e-04,5.351664729095404027e+00,8.027499032533626178e+00,9.764593096416593690e-06,2.603883535417801220e-05
1.657238252444999205e+02,2.485856752592329713e+02,3.027017251110312242e-04,8.072045556649223375e-04,5.352059183778720808e+00,8.028084426683449237e+00,9.764567577262637903e-06,2.603890178834520740e-05
1.710758844282786413e+02,2.566137596859164205e+02,3.124662926882938621e-04,8.332434574532675449e-04,5.352438386944527338e+00,8.028639242526139697e+00,9.764565333799084951e-06,2.603878209509434549e-05
1.764283228152231686e+02,2.646423989284425602e+02,3.222308580220929470e-04,8.592822395483618904e-04,5.352817598119855802e+00,8.029209414562956226e+00,9.764563089248294060e-06,2.603894154324260662e-05
1.817811404133430244e+02,2.726716083430055164e+02,3.319954211113412411e-04,8.853211810916044970e-04,5.353196821658883664e+00,8.029810069451400523e+00,9.764584119029454893e-06,2.603882181906856403e-05
1.871343372350019081e+02,2.807014184124569169e+02,3.417600052303706960e-04,9.113600029106730610e-04,5.353591308776657343e+00,8.030380243256445283e+00,9.764558597545602847e-06,2.603888817618552239e-05
1.924879285437785654e+02,2.887317986557133622e+02,3.515245638279162988e-04,9.373988910868585834e-04,5.353970548881704872e+00,8.030919856005482416e+00,9.764579625141771042e-06,2.603886146842376067e-05
1.978418990926602703e+02,2.967627185117188446e+02,3.612891434530580699e-04,9.634377525552823441e-04,5.354349792642210559e+00,8.031520573191983203e+00,9.764577376897591240e-06,2.603883474465028443e-05
2.031962488853024809e+02,3.047942390849108278e+02,3.710537208299556611e-04,9.894765872999326285e-04,5.354744309012062331e+00,8.032090755465617349e+00,9.764575127566173501e-06,2.603880800553198642e-05
2.085509931943145432e+02,3.128263298403764452e+02,3.808182959575218346e-04,1.015515395305464615e-03,5.355108299364076174e+00,8.032691528194675357e+00,9.764549603308769667e-06,2.603887428606513170e-05
2.139061014936786194e+02,3.208590213685711205e+02,3.905828455608306043e-04,1.041554269591529747e-03,5.355502842003886599e+00,8.033231185931697382e+00,9.764593900369038671e-06,2.603884751097213825e-05
2.192616043356825060e+02,3.288922525545028179e+02,4.003474394611996430e-04,1.067593117102501885e-03,5.355897372945094048e+00,8.033801434818599319e+00,9.764545101218987961e-06,2.603891375068854118e-05
2.246175017086276000e+02,3.369260539893214172e+02,4.101119845624186309e-04,1.093632030853190426e-03,5.356261402603934130e+00,8.034402184847863282e+00,9.764589395418155852e-06,2.603879391167699710e-05
2.299737631112315341e+02,3.449604561741692805e+02,4.198765739578367868e-04,1.119670824764867423e-03,5.356655960312849629e+00,8.034972459353298291e+00,9.764587141306978624e-06,2.603886011542737820e-05
2.353304190715443838e+02,3.529954286335225788e+02,4.296411610991437654e-04,1.145709684880294801e-03,5.357035249786378017e+00,8.035542747362228511e+00,9.764538340925274246e-06,2.603892629635161729e-05
2.406874543213307618e+02,3.610309713808848073e+02,4.394056994400690397e-04,1.171748611176646419e-03,5.357414569416135919e+00,8.036112980294660701e+00,9.764582631166074216e-06,2.603880641286458221e-05
2.460448688907468977e+02,3.690670843611794680e+02,4.491702820712351139e-04,1.197787417589511001e-03,5.357793886106350101e+00,8.036683292329598771e+00,9.764580374681849483e-06,2.603887255805286717e-05
2.514026627768532478e+02,3.771037676535090668e+02,4.589348624459169633e-04,1.223826290147563868e-03,5.358188476746562401e+00,8.037253582086634651e+00,9.764578117110928913e-06,2.603884566413803767e-05
2.567608512535998102e+02,3.851410212355957015e+02,4.686994405630278923e-04,1.249865135811701906e-03,5.358583075843228016e+00,8.037823883110490897e+00,9.764575858675031850e-06,2.603881875489150524e-05
2.621194343294430382e+02,3.931788451187061924e+02,4.784640164217029241e-04,1.275903954566593411e-03,5.358931884679520863e+00,8.038424789979899288e+00,9.764573599596202899e-06,2.603888484130909356e-05
2.674783662141225591e+02,4.012172699086860916e+02,4.882285900212991270e-04,1.301942839407902505e-03,5.359341766182296851e+00,8.038995116614216840e+00,9.764571339430732320e-06,2.603885789589379350e-05
2.728377079803048559e+02,4.092562650253003085e+02,4.979931613607298593e-04,1.327981697303796298e-03,5.359721123514873398e+00,8.039534895614167453e+00,9.764569078622221433e-06,2.603883093515112733e-05
2.781974291038197293e+02,4.172957999209144759e+02,5.077577304393520808e-04,1.354020528238947425e-03,5.360100488856460288e+00,8.040135842386348486e+00,9.764566816727123129e-06,2.603889696258941851e-05
2.835575295926761896e+02,4.253359357633008244e+02,5.175222972560792039e-04,1.380059425201536844e-03,5.368219502315696445e+00,8.037730103459125530e+00,5.162848178825421748e-06,3.498017024283176131e-05
2.889257490949918861e+02,4.333736658667599499e+02,5.226851454349046256e-04,1.415039595444368605e-03,5.368944078708068446e+00,8.042060532554899055e+00,-1.281808415931639557e-06,4.700007893442773727e-05
2.942946931736999545e+02,4.414157263993148490e+02,5.214033370189729861e-04,1.462039674378796342e-03,5.352823421448135832e+00,8.054865886428785871e+00,-2.048122982769304615e-06,4.790844555078695513e-05
2.996475165951480903e+02,4.494705922857436349e+02,5.193552140362036815e-04,1.509948119929583298e-03,9.643443743963757697e-01,1.446737603298913655e+00,-3.827610754271243074e-07,8.636477445560101010e-06
